reference, reading, iT00, iT01, iT02, iT03, iT10, iT11, iT12, iT13, iT20, iT21, iT22, iT23, iT30, iT31, iT32, iT33
Hokuyo_23.csv, Hokuyo_36.csv,0.897632,0.389071,0.207077,7.309385,-0.440723,0.787347,0.431102,-2.683386,0.004687,-0.478234,0.878219,-0.16507,0.0,0.0,0.0,1.0
Hokuyo_23.csv, Hokuyo_36.csv,0.976513,-0.140658,-0.163216,7.562569,0.148975,0.988038,0.039828,2.17438,0.155662,-0.063206,0.985785,1.501595,0.0,0.0,0.0,1.0
Hokuyo_23.csv, Hokuyo_36.csv,0.976094,0.180656,-0.120851,7.927907,-0.150127,0.962446,0.226187,-0.362029,0.157174,-0.202637,0.966557,1.268722,0.0,0.0,0.0,1.0
Hokuyo_23.csv, Hokuyo_36.csv,0.935228,0.141959,-0.324342,7.478968,-0.244147,0.922027,-0.300429,-1.01334,0.256403,0.360158,0.896963,2.58467,0.0,0.0,0.0,1.0
Hokuyo_23.csv, Hokuyo_36.csv,0.960805,0.273463,-0.045531,7.885915,-0.255667,0.937548,0.235877,-1.051028,0.107192,-0.21499,0.970715,0.901323,0.0,0.0,0.0,1.0
Hokuyo_23.csv, Hokuyo_36.csv,0.937444,0.291615,-0.19016,7.600074,-0.329159,0.920323,-0.211331,-1.72755,0.113382,0.260704,0.958737,1.383614,0.0,0.0,0.0,1.0
Hokuyo_23.csv, Hokuyo_36.csv,0.980929,0.154464,0.117983,7.881076,-0.180947,0.947367,0.264111,-0.383149,-0.070978,-0.280423,0.957247,-0.491759,0.0,0.0,0.0,1.0
Hokuyo_23.csv, Hokuyo_36.csv,0.897386,0.240177,-0.370154,7.161082,-0.440302,0.542337,-0.715544,-2.877414,0.02889,0.805099,0.592435,1.304362,0.0,0.0,0.0,1.0
Hokuyo_23.csv, Hokuyo_36.csv,0.87127,0.120801,0.475706,7.137455,0.162074,0.844052,-0.511181,2.193278,-0.463274,0.522477,0.715819,-2.77833,0.0,0.0,0.0,1.0
Hokuyo_23.csv, Hokuyo_36.csv,0.878508,-0.402521,0.257297,5.804234,0.470831,0.820711,-0.323651,3.351088,-0.080891,0.405474,0.91052,-0.745525,0.0,0.0,0.0,1.0
Hokuyo_23.csv, Hokuyo_36.csv,0.665231,0.025167,0.746213,5.847865,0.109238,0.985396,-0.130617,1.081077,-0.738605,0.168406,0.652767,-5.949742,0.0,0.0,0.0,1.0
Hokuyo_23.csv, Hokuyo_36.csv,0.90111,0.418588,0.113071,7.439489,-0.425264,0.80236,0.418771,-2.398999,0.084569,-0.425443,0.901024,1.792468,0.0,0.0,0.0,1.0
Hokuyo_23.csv, Hokuyo_36.csv,0.994935,0.043249,-0.090753,7.650884,-0.051331,0.994736,-0.088685,0.269458,0.08644,0.092895,0.991916,1.276536,0.0,0.0,0.0,1.0
Hokuyo_23.csv, Hokuyo_36.csv,0.775378,0.460548,0.432069,6.529236,-0.552307,0.8263,0.11039,-4.051823,-0.30618,-0.324228,0.895058,-3.963078,0.0,0.0,0.0,1.0
Hokuyo_23.csv, Hokuyo_36.csv,0.661334,-0.329482,0.673853,4.050252,0.389032,0.918753,0.067424,5.458028,-0.641321,0.217561,0.735781,-4.770712,0.0,0.0,0.0,1.0
Hokuyo_23.csv, Hokuyo_36.csv,0.277678,0.394191,-0.876074,2.589418,-0.349172,-0.808156,-0.474303,-4.373772,-0.894973,0.437604,-0.086766,-7.724528,0.0,0.0,0.0,1.0
Hokuyo_23.csv, Hokuyo_36.csv,0.976939,0.179283,-0.115967,9.000482,-0.03269,0.662302,0.748524,0.204554,0.211004,-0.727471,0.652888,1.553066,0.0,0.0,0.0,1.0
Hokuyo_23.csv, Hokuyo_36.csv,0.771148,0.566139,0.291236,7.397644,-0.615731,0.779515,0.115042,-5.143597,-0.161893,-0.268037,0.949707,-1.0586,0.0,0.0,0.0,1.0
Hokuyo_23.csv, Hokuyo_36.csv,0.8942,0.226087,-0.386383,6.992337,0.02485,0.8367,0.547098,2.13495,0.446979,-0.498816,0.742557,5.653748,0.0,0.0,0.0,1.0
Hokuyo_23.csv, Hokuyo_36.csv,0.186146,0.218386,-0.957943,2.970239,-0.511623,0.853914,0.095255,-4.500859,0.838804,0.472375,0.270683,5.997093,0.0,0.0,0.0,1.0
Hokuyo_20.csv, Hokuyo_3.csv,-0.423843,0.903585,0.062376,-4.540379,-0.900994,-0.413587,-0.130971,3.801481,-0.092546,-0.111713,0.989422,0.778074,0.0,0.0,0.0,1.0
Hokuyo_20.csv, Hokuyo_3.csv,-0.045954,0.928938,0.367373,-5.330912,-0.979901,0.029543,-0.197275,1.65455,-0.19411,-0.369055,0.908911,2.600093,0.0,0.0,0.0,1.0
Hokuyo_20.csv, Hokuyo_3.csv,-0.113359,0.984382,0.134694,-5.470265,-0.935355,-0.060017,-0.348578,2.036226,-0.335051,-0.165502,0.92755,1.584306,0.0,0.0,0.0,1.0
Hokuyo_20.csv, Hokuyo_3.csv,-0.382038,0.837877,-0.389884,-4.231634,-0.911636,-0.410867,0.010323,3.981631,-0.151541,0.359376,0.920806,-1.779132,0.0,0.0,0.0,1.0
Hokuyo_20.csv, Hokuyo_3.csv,-0.099687,0.971196,-0.216425,-5.552272,-0.989347,-0.119936,-0.082505,2.420597,-0.106086,0.205894,0.972807,-0.893029,0.0,0.0,0.0,1.0
Hokuyo_20.csv, Hokuyo_3.csv,-0.172811,0.982923,-0.063221,-5.507532,-0.983376,-0.17581,-0.045383,2.896072,-0.055723,0.054327,0.996967,-0.216283,0.0,0.0,0.0,1.0
Hokuyo_20.csv, Hokuyo_3.csv,-0.510473,0.859877,-0.005241,-3.841904,-0.793081,-0.468447,0.389331,3.07504,0.332322,0.202899,0.921083,-1.543626,0.0,0.0,0.0,1.0
Hokuyo_20.csv, Hokuyo_3.csv,-0.078254,0.971306,-0.224591,-4.919116,-0.969812,-0.126358,-0.208559,2.260682,-0.230953,0.201491,0.951872,-0.476584,0.0,0.0,0.0,1.0
Hokuyo_20.csv, Hokuyo_3.csv,-0.25818,0.622886,-0.738482,-3.314715,-0.858814,-0.498069,-0.119854,4.900481,-0.44247,0.603275,0.663535,-1.258313,0.0,0.0,0.0,1.0
Hokuyo_20.csv, Hokuyo_3.csv,-0.579032,0.542457,0.608655,-2.636223,-0.799407,-0.524446,-0.293094,4.538638,0.160215,-0.656274,0.737316,2.753014,0.0,0.0,0.0,1.0
Hokuyo_20.csv, Hokuyo_3.csv,0.025133,0.965593,-0.258839,-5.771641,-0.838995,-0.120408,-0.530648,2.518009,-0.543557,0.230501,0.807103,-0.678778,0.0,0.0,0.0,1.0
Hokuyo_20.csv, Hokuyo_3.csv,-0.30646,0.835757,-0.455623,-3.667691,-0.94812,-0.310525,0.068124,4.004703,-0.084547,0.452863,0.887562,-2.919867,0.0,0.0,0.0,1.0
Hokuyo_20.csv, Hokuyo_3.csv,0.06921,0.970968,0.228978,-6.566734,-0.947449,0.135836,-0.289632,0.002927,-0.312326,-0.1969,0.929344,1.147613,0.0,0.0,0.0,1.0
Hokuyo_20.csv, Hokuyo_3.csv,0.951505,0.182219,-0.247854,-3.231585,-0.247917,0.931227,-0.26712,-5.331108,0.182133,0.315613,0.931243,-2.781492,0.0,0.0,0.0,1.0
Hokuyo_20.csv, Hokuyo_3.csv,-0.152597,0.983133,0.100807,-6.593832,-0.692018,-0.179116,0.699305,1.715343,0.705566,0.036952,0.707679,-3.947078,0.0,0.0,0.0,1.0
Hokuyo_20.csv, Hokuyo_3.csv,-0.448424,0.694201,0.563027,-4.624876,-0.893604,-0.362027,-0.265342,2.273585,0.01963,-0.622111,0.782683,4.979623,0.0,0.0,0.0,1.0
Hokuyo_20.csv, Hokuyo_3.csv,0.448316,0.868248,-0.212504,-6.741668,-0.893088,0.425112,-0.147216,0.121373,-0.037482,0.255784,0.966006,-2.277421,0.0,0.0,0.0,1.0
Hokuyo_20.csv, Hokuyo_3.csv,0.078125,0.993744,-0.079809,-5.763715,-0.919015,0.102815,0.38058,2.183105,0.386404,0.043612,0.921297,-0.449403,0.0,0.0,0.0,1.0
Hokuyo_20.csv, Hokuyo_3.csv,-0.727106,0.596615,0.339655,-1.810436,-0.538647,-0.802519,0.256559,5.798018,0.425646,0.003591,0.904882,-0.664916,0.0,0.0,0.0,1.0
Hokuyo_21.csv, Hokuyo_3.csv,-0.460878,0.865538,0.196049,-4.853846,-0.858198,-0.378406,-0.346848,3.866775,-0.226025,-0.328104,0.917202,2.399037,0.0,0.0,0.0,1.0
Hokuyo_21.csv, Hokuyo_3.csv,-0.096556,0.9931,0.066534,-6.327395,-0.962303,-0.076066,-0.261125,2.113097,-0.254264,-0.089239,0.963009,1.097553,0.0,0.0,0.0,1.0
Hokuyo_21.csv, Hokuyo_3.csv,0.081307,0.988444,-0.12793,-6.388276,-0.99042,0.065754,-0.121432,1.03066,-0.111617,0.136578,0.98432,-0.581273,0.0,0.0,0.0,1.0
Hokuyo_21.csv, Hokuyo_3.csv,-0.057733,0.996848,0.054407,-6.325644,-0.994151,-0.062387,0.088154,1.983072,0.09127,-0.049,0.994619,0.207084,0.0,0.0,0.0,1.0
Hokuyo_21.csv, Hokuyo_3.csv,-0.18946,0.971858,-0.139989,-5.874602,-0.981815,-0.189264,0.014828,2.791387,-0.012085,0.140253,0.990041,-0.714971,0.0,0.0,0.0,1.0
Hokuyo_21.csv, Hokuyo_3.csv,-0.120578,0.94419,0.306538,-5.943137,-0.98911,-0.088018,-0.117957,2.030608,-0.084393,-0.317423,0.94452,2.193497,0.0,0.0,0.0,1.0
Hokuyo_21.csv, Hokuyo_3.csv,-0.09993,0.883475,0.457696,-5.173444,-0.902112,-0.274512,0.332922,3.651944,0.419771,-0.379624,0.824425,2.132506,0.0,0.0,0.0,1.0
Hokuyo_21.csv, Hokuyo_3.csv,-0.05308,0.995598,-0.077232,-7.632627,-0.918727,-0.01838,0.394466,1.343752,0.39131,0.091893,0.915658,-0.705305,0.0,0.0,0.0,1.0
Hokuyo_21.csv, Hokuyo_3.csv,-0.420882,0.751315,-0.508315,-3.159424,-0.739248,-0.608838,-0.2878,4.785856,-0.52571,0.254642,0.811656,-0.37824,0.0,0.0,0.0,1.0
Hokuyo_21.csv, Hokuyo_3.csv,-0.042301,0.902454,0.428702,-6.169632,-0.991508,0.014896,-0.129189,1.077147,-0.122974,-0.430526,0.894161,3.253933,0.0,0.0,0.0,1.0
Hokuyo_21.csv, Hokuyo_3.csv,0.233051,0.86471,-0.444931,-5.673051,-0.963424,0.267543,0.015329,-0.335171,0.132293,0.425085,0.895433,-2.745664,0.0,0.0,0.0,1.0
Hokuyo_21.csv, Hokuyo_3.csv,-0.060141,0.886145,0.459489,-5.159045,-0.710914,-0.361158,0.603461,2.570274,0.700702,-0.290365,0.651692,0.593329,0.0,0.0,0.0,1.0
Hokuyo_21.csv, Hokuyo_3.csv,0.289386,0.907159,-0.305479,-6.365675,-0.910953,0.162989,-0.378945,0.405614,-0.293975,0.387938,0.873546,-3.191736,0.0,0.0,0.0,1.0
Hokuyo_21.csv, Hokuyo_3.csv,-0.001242,0.642098,0.76662,-3.465241,-0.581723,0.623096,-0.522828,-3.617914,-0.813386,-0.446609,0.37275,4.170062,0.0,0.0,0.0,1.0
Hokuyo_21.csv, Hokuyo_3.csv,-0.18855,0.369348,0.909961,-3.125786,-0.820164,-0.568869,0.060958,5.386685,0.540166,-0.734825,0.410186,3.301687,0.0,0.0,0.0,1.0
Hokuyo_21.csv, Hokuyo_3.csv,0.08511,0.292277,-0.952538,-2.292831,-0.996188,0.043308,-0.075721,-1.068893,0.019119,0.955352,0.294849,-4.886637,0.0,0.0,0.0,1.0
Hokuyo_21.csv, Hokuyo_3.csv,-0.602297,0.734362,0.31297,-3.404014,-0.729332,-0.34684,-0.589725,4.44428,-0.324521,-0.583449,0.744494,4.341759,0.0,0.0,0.0,1.0
Hokuyo_21.csv, Hokuyo_3.csv,-0.078865,0.506956,-0.858355,-2.75868,-0.930632,0.271221,0.245693,-0.083826,0.357359,0.818189,0.450399,-6.758391,0.0,0.0,0.0,1.0
Hokuyo_21.csv, Hokuyo_3.csv,-0.054462,0.998512,-0.002499,-5.483218,-0.911584,-0.050741,-0.407969,1.701905,-0.40749,-0.019941,0.912992,0.200825,0.0,0.0,0.0,1.0
Hokuyo_14.csv, Hokuyo_30.csv,0.850684,0.333486,0.406355,8.725168,-0.310766,0.942504,-0.122917,-1.538705,-0.423982,-0.021717,0.905411,-4.043713,0.0,0.0,0.0,1.0
Hokuyo_14.csv, Hokuyo_30.csv,0.978484,0.08613,0.187486,9.500279,-0.068236,0.992655,-0.099895,0.764709,-0.194712,0.084953,0.977176,-1.738636,0.0,0.0,0.0,1.0
Hokuyo_14.csv, Hokuyo_30.csv,0.999279,-0.03188,-0.020646,9.650724,0.037749,0.893712,0.447049,1.827807,0.004199,-0.447505,0.894273,-0.478506,0.0,0.0,0.0,1.0
Hokuyo_14.csv, Hokuyo_30.csv,0.860774,0.4731,-0.187737,9.047191,-0.402205,0.858269,0.318755,-2.710597,0.311932,-0.198866,0.929061,2.753631,0.0,0.0,0.0,1.0
Hokuyo_14.csv, Hokuyo_30.csv,0.956111,0.097753,0.276219,9.34582,-0.161496,0.962399,0.218417,-0.005836,-0.244482,-0.253438,0.935948,-2.456402,0.0,0.0,0.0,1.0
Hokuyo_14.csv, Hokuyo_30.csv,0.952447,0.296446,-0.07047,9.751607,-0.294178,0.954875,0.040877,-1.684423,0.079408,-0.018202,0.996677,0.727035,0.0,0.0,0.0,1.0
Hokuyo_14.csv, Hokuyo_30.csv,0.996712,0.026069,-0.076727,10.520237,-0.046566,0.959154,-0.279021,1.037238,0.06632,0.281676,0.957217,1.829473,0.0,0.0,0.0,1.0
Hokuyo_14.csv, Hokuyo_30.csv,0.931522,0.355424,-0.077088,9.712496,-0.351457,0.825229,-0.442124,-2.23813,-0.093526,0.438941,0.893636,0.051425,0.0,0.0,0.0,1.0
Hokuyo_14.csv, Hokuyo_30.csv,0.995413,0.084768,-0.044363,10.183202,-0.07891,0.989595,0.120302,0.607044,0.054099,-0.116249,0.991747,0.504326,0.0,0.0,0.0,1.0
Hokuyo_14.csv, Hokuyo_30.csv,0.816795,0.519246,0.251457,8.902118,-0.332778,0.780068,-0.529861,-1.586597,-0.471282,0.349108,0.80995,-4.331266,0.0,0.0,0.0,1.0
Hokuyo_14.csv, Hokuyo_30.csv,0.830921,0.275342,-0.483485,8.959172,0.077873,0.802862,0.591058,2.496299,0.550915,-0.528771,0.645674,4.127377,0.0,0.0,0.0,1.0
Hokuyo_14.csv, Hokuyo_30.csv,0.676307,0.626202,0.387919,7.23997,-0.550285,0.77958,-0.299067,-4.87307,-0.489689,-0.011206,0.871826,-4.645325,0.0,0.0,0.0,1.0
Hokuyo_14.csv, Hokuyo_30.csv,0.41139,0.65078,0.638158,4.588511,-0.911057,0.272757,0.309161,-9.392585,0.027134,-0.708581,0.705108,-1.614108,0.0,0.0,0.0,1.0
Hokuyo_14.csv, Hokuyo_30.csv,0.421649,-0.780044,-0.462323,2.564834,0.667331,-0.078245,0.74064,7.581596,-0.613907,-0.620811,0.487557,-7.463924,0.0,0.0,0.0,1.0
Hokuyo_14.csv, Hokuyo_30.csv,0.830627,0.367413,0.41841,7.503515,-0.058341,0.804702,-0.590805,0.106938,-0.553765,0.466325,0.689844,-2.227082,0.0,0.0,0.0,1.0
Hokuyo_14.csv, Hokuyo_30.csv,0.776956,0.57131,0.264472,8.039668,-0.592561,0.521755,0.613713,-3.536841,0.212632,-0.633541,0.743918,1.631864,0.0,0.0,0.0,1.0
Hokuyo_14.csv, Hokuyo_30.csv,-0.205506,0.816568,-0.53943,-1.554743,-0.754657,0.218719,0.618592,-7.504056,0.623106,0.534208,0.571281,7.905941,0.0,0.0,0.0,1.0
Hokuyo_14.csv, Hokuyo_30.csv,-0.095949,0.971279,-0.217735,-0.311347,-0.752942,0.072253,0.65411,-5.311652,0.651056,0.226702,0.724385,6.308008,0.0,0.0,0.0,1.0
Hokuyo_14.csv, Hokuyo_30.csv,0.206246,0.036542,-0.977819,-0.022429,0.18576,0.979667,0.075793,3.979702,0.960707,-0.197271,0.195264,8.121277,0.0,0.0,0.0,1.0
Hokuyo_24.csv, Hokuyo_8.csv,0.294655,0.936534,-0.189958,-8.717539,-0.882927,0.190774,-0.429004,-0.162291,-0.365537,0.294127,0.883103,-2.303084,0.0,0.0,0.0,1.0
Hokuyo_24.csv, Hokuyo_8.csv,0.075035,0.980802,-0.179998,-8.691812,-0.986053,0.046088,-0.15992,1.002926,-0.148554,0.189486,0.970579,-1.683921,0.0,0.0,0.0,1.0
Hokuyo_24.csv, Hokuyo_8.csv,-0.297354,0.938773,0.174032,-8.024073,-0.92989,-0.243416,-0.275776,3.591699,-0.216529,-0.243835,0.945335,2.250883,0.0,0.0,0.0,1.0
Hokuyo_24.csv, Hokuyo_8.csv,0.211755,0.96093,-0.178257,-8.681845,-0.948792,0.158376,-0.273332,-0.036988,-0.234421,0.227008,0.945257,-2.09224,0.0,0.0,0.0,1.0
Hokuyo_24.csv, Hokuyo_8.csv,0.080434,0.989438,0.120602,-8.874879,-0.933325,0.117236,-0.339353,0.31473,-0.349907,-0.085266,0.932895,1.226081,0.0,0.0,0.0,1.0
Hokuyo_24.csv, Hokuyo_8.csv,0.185304,0.974844,-0.123875,-9.042244,-0.944593,0.141945,-0.295964,-0.005434,-0.270934,0.171854,0.947132,-1.386962,0.0,0.0,0.0,1.0
Hokuyo_24.csv, Hokuyo_8.csv,0.358698,0.931501,0.060357,-8.724035,-0.915741,0.363692,-0.170727,-1.829804,-0.180984,0.005967,0.983467,0.117274,0.0,0.0,0.0,1.0
Hokuyo_24.csv, Hokuyo_8.csv,-0.008896,0.991819,0.127349,-9.855382,-0.991366,0.007914,-0.130887,0.8523,-0.130823,-0.127415,0.983183,0.161149,0.0,0.0,0.0,1.0
Hokuyo_24.csv, Hokuyo_8.csv,0.791893,0.600053,-0.113326,-7.749258,-0.474005,0.721006,0.50544,-5.778002,0.385,-0.346538,0.855386,2.655896,0.0,0.0,0.0,1.0
Hokuyo_24.csv, Hokuyo_8.csv,0.52523,0.833339,-0.17228,-8.014216,-0.799772,0.414257,-0.43446,-3.817277,-0.290684,0.365976,0.88406,-3.475391,0.0,0.0,0.0,1.0
Hokuyo_24.csv, Hokuyo_8.csv,-0.097167,0.966803,-0.236328,-8.206046,-0.939218,-0.167634,-0.299616,2.442724,-0.329287,0.19285,0.924325,-1.240247,0.0,0.0,0.0,1.0
Hokuyo_24.csv, Hokuyo_8.csv,0.270903,0.919607,-0.284494,-8.814013,-0.95603,0.291521,0.031959,-0.308829,0.112325,0.263327,0.958144,-3.320345,0.0,0.0,0.0,1.0
Hokuyo_24.csv, Hokuyo_8.csv,0.554958,0.77017,0.314421,-7.660378,-0.830976,0.530837,0.166408,-3.04092,-0.038744,-0.353628,0.934583,3.580032,0.0,0.0,0.0,1.0
Hokuyo_24.csv, Hokuyo_8.csv,0.831883,0.481196,0.276445,-4.526666,-0.413161,0.869596,-0.270377,-5.95004,-0.370499,0.110705,0.922211,-1.097889,0.0,0.0,0.0,1.0
Hokuyo_24.csv, Hokuyo_8.csv,0.225989,0.158449,-0.961156,-2.08765,0.059105,0.982635,0.175885,-7.952443,0.972336,-0.096557,0.2127,-0.61318,0.0,0.0,0.0,1.0
Hokuyo_24.csv, Hokuyo_8.csv,0.144325,0.075554,0.986641,-1.140681,-0.369053,0.92925,-0.017176,-8.512866,-0.918134,-0.361645,0.161997,5.269512,0.0,0.0,0.0,1.0
Hokuyo_24.csv, Hokuyo_8.csv,-0.208987,0.556901,0.803856,-3.468054,-0.849285,-0.510874,0.13313,5.686424,0.484809,-0.654882,0.579734,3.62089,0.0,0.0,0.0,1.0
Hokuyo_24.csv, Hokuyo_8.csv,0.28092,0.622424,0.730529,-6.711294,0.374972,0.629499,-0.680535,-5.985644,-0.883448,0.465104,-0.056553,-4.094847,0.0,0.0,0.0,1.0
Hokuyo_24.csv, Hokuyo_8.csv,0.120533,0.775365,0.619904,-7.541691,-0.942983,-0.105734,0.315602,2.242163,0.310252,-0.622601,0.71841,5.767249,0.0,0.0,0.0,1.0
Hokuyo_6.csv, Hokuyo_21.csv,-0.334773,-0.933934,0.125272,-1.266154,0.891295,-0.270699,0.363752,6.169097,-0.305808,0.233428,0.923034,-3.008359,0.0,0.0,0.0,1.0
Hokuyo_6.csv, Hokuyo_21.csv,-0.786954,-0.587124,-0.189702,-4.404987,0.607517,-0.791043,-0.071939,5.359741,-0.107824,-0.171861,0.979203,-1.071663,0.0,0.0,0.0,1.0
Hokuyo_6.csv, Hokuyo_21.csv,-0.554074,-0.812383,-0.18175,-2.449726,0.805585,-0.578283,0.12893,6.083772,-0.209843,-0.074979,0.974856,-2.009525,0.0,0.0,0.0,1.0
Hokuyo_6.csv, Hokuyo_21.csv,-0.562889,-0.735029,-0.378002,-2.524437,0.817488,-0.427625,-0.385813,6.562865,0.121942,-0.526183,0.841584,0.996064,0.0,0.0,0.0,1.0
Hokuyo_6.csv, Hokuyo_21.csv,-0.473348,-0.873185,-0.116128,-1.885148,0.861488,-0.486398,0.145797,6.491615,-0.183791,-0.031031,0.982476,-1.860089,0.0,0.0,0.0,1.0
Hokuyo_6.csv, Hokuyo_21.csv,-0.450792,-0.853706,-0.260712,-1.743046,0.879456,-0.374783,-0.293421,6.786671,0.152785,-0.361558,0.919747,0.931041,0.0,0.0,0.0,1.0
Hokuyo_6.csv, Hokuyo_21.csv,-0.565163,-0.822931,0.058077,-2.792519,0.817932,-0.549765,0.169548,6.327944,-0.107598,0.143324,0.983809,-1.504758,0.0,0.0,0.0,1.0
Hokuyo_6.csv, Hokuyo_21.csv,-0.468224,-0.770634,-0.432303,-1.891535,0.662001,0.018105,-0.749284,5.270255,0.585252,-0.637019,0.501685,4.718469,0.0,0.0,0.0,1.0
Hokuyo_6.csv, Hokuyo_21.csv,-0.49656,-0.758633,0.421785,-2.594124,0.469532,-0.643457,-0.604568,4.759123,0.730046,-0.102165,0.675719,4.883487,0.0,0.0,0.0,1.0
Hokuyo_6.csv, Hokuyo_21.csv,-0.887329,-0.38076,0.260129,-6.524757,0.246961,-0.86877,-0.429241,2.129332,0.389431,-0.316637,0.86492,1.802774,0.0,0.0,0.0,1.0
Hokuyo_6.csv, Hokuyo_21.csv,-0.40952,-0.573331,0.709637,-2.092114,0.625328,-0.742783,-0.239245,4.792504,0.664273,0.345779,0.662706,3.17017,0.0,0.0,0.0,1.0
Hokuyo_6.csv, Hokuyo_21.csv,-0.32036,-0.946863,0.028599,-0.986139,0.89076,-0.290832,0.349234,6.354562,-0.322358,0.137354,0.9366,-1.725265,0.0,0.0,0.0,1.0
Hokuyo_6.csv, Hokuyo_21.csv,-0.664393,-0.734518,-0.138067,-3.645381,0.74553,-0.63834,-0.191592,5.872979,0.052595,-0.230227,0.971715,0.283772,0.0,0.0,0.0,1.0
Hokuyo_6.csv, Hokuyo_21.csv,-0.188107,-0.918995,0.346501,-0.37245,0.981913,-0.183688,0.04588,6.437342,0.021485,0.348863,0.936928,-2.435138,0.0,0.0,0.0,1.0
Hokuyo_6.csv, Hokuyo_21.csv,-0.664717,-0.318883,0.675621,-5.582286,0.392287,-0.91861,-0.047613,5.497183,0.635814,0.233386,0.73571,3.427044,0.0,0.0,0.0,1.0
Hokuyo_6.csv, Hokuyo_21.csv,0.049413,-0.378539,-0.924265,1.733134,-0.359455,0.856648,-0.370065,-4.137804,0.931853,0.350516,-0.093738,4.89299,0.0,0.0,0.0,1.0
Hokuyo_6.csv, Hokuyo_21.csv,-0.55542,-0.812558,-0.17679,-1.396051,0.532775,-0.510949,0.674599,3.549479,-0.638482,0.280497,0.716702,-4.827705,0.0,0.0,0.0,1.0
Hokuyo_6.csv, Hokuyo_21.csv,-0.115905,-0.973818,0.19556,1.136627,0.992612,-0.106449,0.058235,5.846341,-0.035894,0.200864,0.978961,-0.950557,0.0,0.0,0.0,1.0
Hokuyo_6.csv, Hokuyo_21.csv,-0.476877,-0.756946,-0.446788,-2.086238,0.608639,-0.6511,0.453464,5.774456,-0.634151,-0.055686,0.771201,-2.366489,0.0,0.0,0.0,1.0
Hokuyo_6.csv, Hokuyo_21.csv,-0.016975,-0.183244,-0.98292,2.336406,0.972766,-0.230309,0.026139,5.660659,-0.231163,-0.955708,0.182164,-1.508394,0.0,0.0,0.0,1.0
Hokuyo_26.csv, Hokuyo_18.csv,0.962978,0.253815,0.090831,-4.691495,-0.247162,0.965797,-0.078394,1.381036,-0.107623,0.053042,0.992776,0.364481,0.0,0.0,0.0,1.0
Hokuyo_26.csv, Hokuyo_18.csv,0.917332,-0.139731,0.372796,-4.627166,0.203826,0.969193,-0.138274,-0.535744,-0.34199,0.202829,0.917553,1.728428,0.0,0.0,0.0,1.0
Hokuyo_26.csv, Hokuyo_18.csv,0.987007,-0.069717,0.14476,-4.846271,0.109972,0.949986,-0.292289,-0.11855,-0.117143,0.304412,0.94531,0.574341,0.0,0.0,0.0,1.0
Hokuyo_26.csv, Hokuyo_18.csv,0.897312,0.250613,-0.363352,-4.301181,-0.244601,0.967556,0.063292,1.525005,0.367424,0.032085,0.929499,-1.891416,0.0,0.0,0.0,1.0
Hokuyo_26.csv, Hokuyo_18.csv,0.97656,-0.060403,-0.206594,-4.873385,0.056727,0.998109,-0.023682,0.060939,0.207633,0.011408,0.97814,-1.046596,0.0,0.0,0.0,1.0
Hokuyo_26.csv, Hokuyo_18.csv,0.998785,0.000476,-0.049254,-5.000488,0.000157,0.999918,0.012816,0.495387,0.049255,-0.012808,0.998704,-0.395356,0.0,0.0,0.0,1.0
Hokuyo_26.csv, Hokuyo_18.csv,0.936107,0.350571,0.028354,-4.223744,-0.327412,0.839141,0.434331,0.798132,0.12847,-0.415864,0.900307,-0.693719,0.0,0.0,0.0,1.0
Hokuyo_26.csv, Hokuyo_18.csv,0.973021,-0.081009,-0.216026,-4.190364,0.048748,0.987377,-0.1507,-0.047412,0.225506,0.136104,0.964687,-0.917122,0.0,0.0,0.0,1.0
Hokuyo_26.csv, Hokuyo_18.csv,0.668838,0.187027,-0.719498,-3.261846,-0.337882,0.938572,-0.070121,2.49827,0.662186,0.290006,0.690946,-1.786555,0.0,0.0,0.0,1.0
Hokuyo_26.csv, Hokuyo_18.csv,0.627055,0.438099,0.644104,-3.526067,-0.371841,0.894917,-0.246693,2.265646,-0.684496,-0.084815,0.724066,2.446188,0.0,0.0,0.0,1.0
Hokuyo_26.csv, Hokuyo_18.csv,0.949734,-0.179606,-0.256409,-4.808566,0.03617,0.87652,-0.480006,0.546741,0.310959,0.446605,0.838957,-1.7919,0.0,0.0,0.0,1.0
Hokuyo_26.csv, Hokuyo_18.csv,0.882884,0.180543,-0.433496,-3.559933,-0.140235,0.982382,0.123529,1.55029,0.448161,-0.04827,0.892649,-2.790674,0.0,0.0,0.0,1.0
Hokuyo_26.csv, Hokuyo_18.csv,0.940438,-0.252245,0.22792,-5.547709,0.30406,0.923966,-0.232022,-2.007084,-0.152064,0.287504,0.945631,0.160754,0.0,0.0,0.0,1.0
Hokuyo_26.csv, Hokuyo_18.csv,0.015864,-0.952667,-0.303601,-0.868027,0.963942,0.095242,-0.248486,-5.021898,0.265638,-0.28871,0.919826,-2.172867,0.0,0.0,0.0,1.0
Hokuyo_26.csv, Hokuyo_18.csv,0.993141,-0.028967,0.113274,-6.057118,-0.064691,0.670866,0.738751,-0.098827,-0.097392,-0.741012,0.664392,-2.374445,0.0,0.0,0.0,1.0
Hokuyo_26.csv, Hokuyo_18.csv,0.754147,0.285699,0.591301,-5.073689,-0.195817,0.957277,-0.212781,-0.069375,-0.626831,0.044681,0.777873,4.378324,0.0,0.0,0.0,1.0
Hokuyo_26.csv, Hokuyo_18.csv,0.77899,-0.581014,-0.235788,-4.905772,0.577276,0.811343,-0.09207,-1.515549,0.244799,-0.064393,0.967433,-2.228229,0.0,0.0,0.0,1.0
Hokuyo_26.csv, Hokuyo_18.csv,0.96563,-0.24705,-0.080765,-4.672209,0.257151,0.862845,0.435171,0.139825,-0.037823,-0.440983,0.896718,0.378894,0.0,0.0,0.0,1.0
Hokuyo_26.csv, Hokuyo_18.csv,0.710133,0.589723,0.384628,-2.961689,-0.699053,0.655646,0.285398,3.811266,-0.083875,-0.471545,0.877844,0.218195,0.0,0.0,0.0,1.0
Hokuyo_36.csv, Hokuyo_29.csv,0.972275,0.176764,0.153081,-4.141301,-0.142245,0.96669,-0.212788,1.073785,-0.185596,0.185113,0.965033,0.728918,0.0,0.0,0.0,1.0
Hokuyo_36.csv, Hokuyo_29.csv,0.981733,-0.188351,-0.026859,-4.385479,0.182421,0.971973,-0.148298,-0.299155,0.054038,0.140688,0.988579,-0.130372,0.0,0.0,0.0,1.0
Hokuyo_36.csv, Hokuyo_29.csv,0.913196,-0.33112,-0.237555,-3.939309,0.335766,0.941692,-0.021861,-1.194443,0.230941,-0.059801,0.971129,-0.967631,0.0,0.0,0.0,1.0
Hokuyo_36.csv, Hokuyo_29.csv,0.973443,-0.224785,-0.043358,-4.275306,0.228902,0.952874,0.199081,-0.624575,-0.003436,-0.20372,0.979024,-0.099645,0.0,0.0,0.0,1.0
Hokuyo_36.csv, Hokuyo_29.csv,0.973412,-0.066986,-0.219045,-4.119683,0.098957,0.98542,0.138403,-0.036908,0.20658,-0.156401,0.965849,-0.852129,0.0,0.0,0.0,1.0
Hokuyo_36.csv, Hokuyo_29.csv,0.95852,-0.183487,0.218108,-4.270256,0.18859,0.982053,-0.002631,-0.534383,-0.213711,0.043653,0.975922,0.881975,0.0,0.0,0.0,1.0
Hokuyo_36.csv, Hokuyo_29.csv,0.905134,-0.206334,0.371696,-3.648941,0.016975,0.891165,0.453361,0.694538,-0.424786,-0.404044,0.810128,1.966847,0.0,0.0,0.0,1.0
Hokuyo_36.csv, Hokuyo_29.csv,0.961747,-0.211652,-0.173906,-5.517947,0.270915,0.828881,0.489449,-1.111332,0.040555,-0.517841,0.854516,0.068313,0.0,0.0,0.0,1.0
Hokuyo_36.csv, Hokuyo_29.csv,0.802575,0.262065,-0.535906,-2.304577,-0.392273,0.908645,-0.143133,1.746898,0.449437,0.325094,0.832057,-1.442086,0.0,0.0,0.0,1.0
Hokuyo_36.csv, Hokuyo_29.csv,0.904891,-0.262648,0.334944,-4.449726,0.2869,0.957656,-0.024148,-1.260321,-0.314419,0.117946,0.941929,1.618096,0.0,0.0,0.0,1.0
Hokuyo_36.csv, Hokuyo_29.csv,0.729664,-0.400392,-0.554326,-2.993585,0.530596,0.842874,0.089617,-2.103854,0.431344,-0.359515,0.827462,-1.856831,0.0,0.0,0.0,1.0
Hokuyo_36.csv, Hokuyo_29.csv,0.896509,-0.245215,0.368973,-3.532044,-0.101333,0.697269,0.70961,-0.226493,-0.43128,-0.673562,0.600261,1.38627,0.0,0.0,0.0,1.0
Hokuyo_36.csv, Hokuyo_29.csv,0.763976,-0.483934,-0.426788,-3.513151,0.388219,0.873065,-0.295032,-1.300064,0.515388,0.059709,0.854875,-3.418825,0.0,0.0,0.0,1.0
Hokuyo_36.csv, Hokuyo_29.csv,0.667818,-0.274774,0.69175,-2.366383,0.724644,0.452306,-0.519914,-3.435198,-0.170024,0.84848,0.50117,1.03049,0.0,0.0,0.0,1.0
Hokuyo_36.csv, Hokuyo_29.csv,0.470201,-0.040433,0.881633,-3.151719,-0.30675,0.929183,0.206211,2.090932,-0.827535,-0.367403,0.424502,2.816794,0.0,0.0,0.0,1.0
Hokuyo_36.csv, Hokuyo_29.csv,0.188903,-0.036409,-0.981321,-1.032025,0.319127,0.947347,0.026282,-3.377326,0.928694,-0.318131,0.190576,-2.842304,0.0,0.0,0.0,1.0
Hokuyo_36.csv, Hokuyo_29.csv,0.895162,0.332106,0.2973,-3.378305,-0.165602,0.867037,-0.469919,2.139462,-0.413833,0.371419,0.831137,1.936567,0.0,0.0,0.0,1.0
Hokuyo_36.csv, Hokuyo_29.csv,0.44734,0.048798,-0.893032,-1.46191,0.540859,0.780475,0.313576,-1.861663,0.71229,-0.62328,0.322746,-4.257296,0.0,0.0,0.0,1.0
Hokuyo_36.csv, Hokuyo_29.csv,0.970137,-0.220911,-0.100154,-3.397089,0.181993,0.935929,-0.301523,-0.46785,0.160346,0.274289,0.948185,-1.226767,0.0,0.0,0.0,1.0
Hokuyo_23.csv, Hokuyo_33.csv,0.863778,0.311622,0.395953,5.549155,-0.257671,0.948483,-0.184359,-0.916137,-0.433005,0.057221,0.899574,-2.452039,0.0,0.0,0.0,1.0
Hokuyo_23.csv, Hokuyo_33.csv,0.979927,0.04467,0.19429,5.977206,-0.01299,0.986809,-0.161368,0.497699,-0.198935,0.155607,0.967581,-1.014243,0.0,0.0,0.0,1.0
Hokuyo_23.csv, Hokuyo_33.csv,0.996197,-0.086937,-0.005942,6.097834,0.082301,0.916314,0.391913,1.273057,-0.028627,-0.39091,0.919984,-0.200454,0.0,0.0,0.0,1.0
Hokuyo_23.csv, Hokuyo_33.csv,0.887046,0.413475,-0.205398,5.720413,-0.357709,0.896781,0.260444,-1.686195,0.291884,-0.157552,0.943389,1.809576,0.0,0.0,0.0,1.0
Hokuyo_23.csv, Hokuyo_33.csv,0.957391,0.062949,0.281852,5.903297,-0.110743,0.981373,0.156987,0.098997,-0.26672,-0.181509,0.946528,-1.385831,0.0,0.0,0.0,1.0
Hokuyo_23.csv, Hokuyo_33.csv,0.967832,0.239726,-0.076374,6.19578,-0.241968,0.970048,-0.021432,-1.115228,0.068948,0.039224,0.996849,0.52653,0.0,0.0,0.0,1.0
Hokuyo_23.csv, Hokuyo_33.csv,0.997324,-0.032513,-0.065495,6.942983,0.008496,0.941174,-0.337815,0.696591,0.072625,0.336356,0.938932,1.520749,0.0,0.0,0.0,1.0
Hokuyo_23.csv, Hokuyo_33.csv,0.950222,0.299224,-0.086858,6.200985,-0.30171,0.814054,-0.496274,-1.434464,-0.077792,0.497778,0.86381,0.228936,0.0,0.0,0.0,1.0
Hokuyo_23.csv, Hokuyo_33.csv,0.998929,0.028059,-0.036806,6.583225,-0.02588,0.997955,0.058449,0.39599,0.038371,-0.057432,0.997612,0.443516,0.0,0.0,0.0,1.0
Hokuyo_23.csv, Hokuyo_33.csv,0.841537,0.489002,0.229549,5.741457,-0.284703,0.762611,-0.580836,-0.833216,-0.459088,0.423442,0.780985,-2.765782,0.0,0.0,0.0,1.0
Hokuyo_23.csv, Hokuyo_33.csv,0.849213,0.199701,-0.488834,5.817335,0.116053,0.832514,0.541714,1.855018,0.515142,-0.516761,0.683804,2.476401,0.0,0.0,0.0,1.0
Hokuyo_23.csv, Hokuyo_33.csv,0.705825,0.611614,0.357406,4.536746,-0.504067,0.788129,-0.35323,-3.325838,-0.497723,0.069164,0.864576,-2.826883,0.0,0.0,0.0,1.0
Hokuyo_23.csv, Hokuyo_33.csv,0.440311,0.665873,0.602279,2.837125,-0.897662,0.340089,0.28026,-6.255417,-0.01821,-0.664043,0.747472,-1.299582,0.0,0.0,0.0,1.0
Hokuyo_23.csv, Hokuyo_33.csv,0.382741,-0.828748,-0.408275,1.420734,0.65509,-0.068158,0.75247,5.293637,-0.651435,-0.555456,0.516818,-4.921414,0.0,0.0,0.0,1.0
Hokuyo_23.csv, Hokuyo_33.csv,0.845492,0.347262,0.405652,4.3828,-0.008772,0.768593,-0.639678,-0.136444,-0.533918,0.537284,0.652886,-0.435436,0.0,0.0,0.0,1.0
Hokuyo_23.csv, Hokuyo_33.csv,0.80448,0.543844,0.238843,4.995806,-0.568914,0.58991,0.573015,-1.640425,0.170736,-0.596859,0.78397,1.248978,0.0,0.0,0.0,1.0
Hokuyo_23.csv, Hokuyo_33.csv,-0.155544,0.791532,-0.591002,-1.274947,-0.747355,0.296938,0.594384,-4.874954,0.645964,0.53414,0.545367,5.452854,0.0,0.0,0.0,1.0
Hokuyo_23.csv, Hokuyo_33.csv,-0.040723,0.959712,-0.27802,-0.477303,-0.753972,0.153071,0.638825,-2.611795,0.655644,0.235634,0.717362,3.922358,0.0,0.0,0.0,1.0
Hokuyo_23.csv, Hokuyo_33.csv,0.217092,-0.035183,-0.975518,-0.849638,0.238259,0.971035,0.018002,2.825489,0.946629,-0.236335,0.219185,4.805916,0.0,0.0,0.0,1.0
Hokuyo_20.csv, Hokuyo_6.csv,-0.324243,0.912924,-0.247866,-6.291001,-0.8494,-0.396305,-0.348512,0.806842,-0.416397,0.097534,0.903937,-1.509832,0.0,0.0,0.0,1.0
Hokuyo_20.csv, Hokuyo_6.csv,-0.526853,0.821425,-0.21838,-6.053336,-0.831803,-0.551108,-0.066198,1.579751,-0.174728,0.146771,0.973616,-1.281084,0.0,0.0,0.0,1.0
Hokuyo_20.csv, Hokuyo_6.csv,-0.781882,0.599556,0.170864,-5.40069,-0.62297,-0.761874,-0.177355,3.385769,0.023843,-0.245116,0.969201,1.52149,0.0,0.0,0.0,1.0
Hokuyo_20.csv, Hokuyo_6.csv,-0.40478,0.885253,-0.229088,-6.156025,-0.874401,-0.448022,-0.186272,0.845908,-0.267535,0.124914,0.955416,-1.547002,0.0,0.0,0.0,1.0
Hokuyo_20.csv, Hokuyo_6.csv,-0.510062,0.856422,0.079877,-6.268451,-0.841574,-0.477706,-0.252088,1.091901,-0.177736,-0.195805,0.964402,0.982983,0.0,0.0,0.0,1.0
Hokuyo_20.csv, Hokuyo_6.csv,-0.431132,0.885568,-0.172907,-6.477175,-0.862669,-0.460722,-0.208652,0.835431,-0.264438,0.059204,0.962584,-0.974735,0.0,0.0,0.0,1.0
Hokuyo_20.csv, Hokuyo_6.csv,-0.25504,0.96692,-0.004803,-6.382718,-0.962526,-0.254347,-0.094083,-0.426768,-0.092192,-0.019373,0.995552,0.038004,0.0,0.0,0.0,1.0
Hokuyo_20.csv, Hokuyo_6.csv,-0.583125,0.806802,0.095065,-7.205266,-0.811944,-0.582652,-0.035554,1.32358,0.026704,-0.097921,0.994836,-0.298566,0.0,0.0,0.0,1.0
Hokuyo_20.csv, Hokuyo_6.csv,0.279219,0.937381,-0.208217,-6.455736,-0.776977,0.347971,0.524618,-3.722886,0.56422,0.015295,0.825483,1.406955,0.0,0.0,0.0,1.0
Hokuyo_20.csv, Hokuyo_6.csv,-0.076528,0.965482,-0.248977,-5.967758,-0.914091,-0.167668,-0.369221,-2.281662,-0.398222,0.19933,0.895369,-2.521217,0.0,0.0,0.0,1.0
Hokuyo_20.csv, Hokuyo_6.csv,-0.660803,0.705015,-0.257475,-5.521156,-0.676457,-0.70805,-0.202662,2.44892,-0.325185,0.040249,0.944793,-0.742378,0.0,0.0,0.0,1.0
Hokuyo_20.csv, Hokuyo_6.csv,-0.338955,0.877571,-0.339089,-6.406137,-0.940765,-0.319396,0.113784,0.881656,-0.008451,0.357569,0.933848,-2.828979,0.0,0.0,0.0,1.0
Hokuyo_20.csv, Hokuyo_6.csv,0.012965,0.972042,0.234448,-5.88244,-0.97282,-0.041951,0.227732,-1.28404,0.231201,-0.231031,0.945078,2.480547,0.0,0.0,0.0,1.0
Hokuyo_20.csv, Hokuyo_6.csv,0.404097,0.896908,0.179616,-3.638846,-0.860501,0.439344,-0.25791,-3.384629,-0.310235,-0.050341,0.949327,-0.80293,0.0,0.0,0.0,1.0
Hokuyo_20.csv, Hokuyo_6.csv,0.033089,0.180327,-0.98305,-1.589294,-0.520044,0.843058,0.137142,-5.364873,0.853499,0.506691,0.121673,-1.329195,0.0,0.0,0.0,1.0
Hokuyo_20.csv, Hokuyo_6.csv,0.129465,0.226858,0.965284,-1.173361,-0.845256,0.534223,-0.012185,-5.850544,-0.518439,-0.814336,0.260918,4.663272,0.0,0.0,0.0,1.0
Hokuyo_20.csv, Hokuyo_6.csv,-0.449295,0.394625,0.801501,-2.021202,-0.376812,-0.897154,0.230494,4.654084,0.810029,-0.198458,0.551787,1.54786,0.0,0.0,0.0,1.0
Hokuyo_20.csv, Hokuyo_6.csv,-0.096934,0.727246,0.679498,-5.286197,-0.10745,0.671078,-0.733561,-4.333416,-0.989474,-0.144119,0.013092,-2.452958,0.0,0.0,0.0,1.0
Hokuyo_20.csv, Hokuyo_6.csv,-0.32271,0.748134,0.579788,-5.616509,-0.680055,-0.609328,0.407732,2.308151,0.658319,-0.262711,0.705408,3.831819,0.0,0.0,0.0,1.0
Hokuyo_23.csv, Hokuyo_17.csv,0.969827,0.127287,0.207921,-3.806889,-0.21033,0.868108,0.449611,0.578063,-0.123269,-0.479777,0.868688,0.288979,0.0,0.0,0.0,1.0
Hokuyo_23.csv, Hokuyo_17.csv,0.901672,-0.396223,-0.173188,-3.224085,0.410932,0.909823,0.057937,-1.496417,0.134614,-0.123409,0.983183,-0.640377,0.0,0.0,0.0,1.0
Hokuyo_23.csv, Hokuyo_17.csv,0.988323,-0.087733,-0.124576,-3.509389,0.116424,0.962256,0.245984,-0.661136,0.098292,-0.257617,0.961234,-0.605674,0.0,0.0,0.0,1.0
Hokuyo_23.csv, Hokuyo_17.csv,0.938122,-0.109698,-0.328471,-3.314336,0.013973,0.959722,-0.280605,0.102276,0.346022,0.258651,0.901868,-1.498797,0.0,0.0,0.0,1.0
Hokuyo_23.csv, Hokuyo_17.csv,0.998869,0.004165,-0.047353,-3.597549,0.008103,0.96665,0.255974,-0.101206,0.046839,-0.256068,0.965523,-0.380275,0.0,0.0,0.0,1.0
Hokuyo_23.csv, Hokuyo_17.csv,0.981019,0.030959,-0.191423,-3.580692,-0.068158,0.979236,-0.190926,0.317429,0.181537,0.200348,0.962759,-0.901832,0.0,0.0,0.0,1.0
Hokuyo_23.csv, Hokuyo_17.csv,0.986342,-0.119206,0.113661,-3.678437,0.082745,0.955296,0.283836,-0.319572,-0.142415,-0.270556,0.952112,0.396068,0.0,0.0,0.0,1.0
Hokuyo_23.csv, Hokuyo_17.csv,0.928191,-0.003975,-0.372081,-3.371438,-0.278422,0.65597,-0.701558,1.433022,0.246862,0.754776,0.607759,-0.909404,0.0,0.0,0.0,1.0
Hokuyo_23.csv, Hokuyo_17.csv,0.872344,-0.129356,0.471467,-3.281847,0.383521,0.779129,-0.495853,-1.06881,-0.303194,0.613372,0.72928,1.121879,0.0,0.0,0.0,1.0
Hokuyo_23.csv, Hokuyo_17.csv,0.737243,-0.630466,0.242869,-3.555906,0.67479,0.669227,-0.311116,-3.48218,0.033612,0.393253,0.918815,-1.075469,0.0,0.0,0.0,1.0
Hokuyo_23.csv, Hokuyo_17.csv,0.648625,-0.171263,0.741589,-2.165478,0.37164,0.921569,-0.112227,-2.046221,-0.664205,0.348397,0.661401,1.823356,0.0,0.0,0.0,1.0
Hokuyo_23.csv, Hokuyo_17.csv,0.980987,0.156706,0.114483,-3.72802,-0.191408,0.87863,0.437459,0.6625,-0.032036,-0.451056,0.891921,1.219213,0.0,0.0,0.0,1.0
Hokuyo_23.csv, Hokuyo_17.csv,0.969324,-0.225706,-0.097299,-3.745136,0.219673,0.973135,-0.068927,-1.064463,0.110241,0.045438,0.992865,-0.386601,0.0,0.0,0.0,1.0
Hokuyo_23.csv, Hokuyo_17.csv,0.871912,0.224493,0.435165,-3.444659,-0.307814,0.942446,0.130557,0.565747,-0.380812,-0.247785,0.890834,-0.273351,0.0,0.0,0.0,1.0
Hokuyo_23.csv, Hokuyo_17.csv,0.548739,-0.510047,0.662372,-3.182464,0.623325,0.777609,0.082391,-0.829607,-0.557091,0.367662,0.74463,1.753718,0.0,0.0,0.0,1.0
Hokuyo_23.csv, Hokuyo_17.csv,0.372347,0.322441,-0.870281,-0.922561,-0.555789,-0.673505,-0.487327,1.44286,-0.743273,0.665149,-0.071569,1.669491,0.0,0.0,0.0,1.0
Hokuyo_23.csv, Hokuyo_17.csv,0.988775,-0.089384,-0.119726,-2.446182,0.149224,0.630761,0.761493,-1.102044,0.007453,-0.770812,0.637019,0.256393,0.0,0.0,0.0,1.0
Hokuyo_23.csv, Hokuyo_17.csv,0.896154,0.330189,0.296449,-2.66641,-0.381525,0.914482,0.13477,0.287915,-0.226598,-0.233878,0.945491,0.846192,0.0,0.0,0.0,1.0
Hokuyo_23.csv, Hokuyo_17.csv,0.92128,-0.016338,-0.388556,-3.467941,0.25144,0.787225,0.563076,-0.072558,0.296682,-0.61645,0.729362,1.167744,0.0,0.0,0.0,1.0
Hokuyo_23.csv, Hokuyo_17.csv,0.23649,0.179699,-0.954871,0.890756,-0.261203,0.95833,0.115659,-0.394634,0.935865,0.222063,0.273572,-4.643833,0.0,0.0,0.0,1.0
Hokuyo_20.csv, Hokuyo_14.csv,0.980213,0.180027,0.082299,-3.654467,-0.173857,0.981764,-0.076891,0.503898,-0.094641,0.061062,0.993637,0.258762,0.0,0.0,0.0,1.0
Hokuyo_20.csv, Hokuyo_14.csv,0.9073,-0.208919,0.364913,-3.397774,0.275551,0.950935,-0.140686,-0.865081,-0.317616,0.228197,0.92035,1.242518,0.0,0.0,0.0,1.0
Hokuyo_20.csv, Hokuyo_14.csv,0.980098,-0.144395,0.136234,-3.585903,0.179172,0.938903,-0.293867,-0.560638,-0.085478,0.312429,0.946087,0.305998,0.0,0.0,0.0,1.0
Hokuyo_20.csv, Hokuyo_14.csv,0.910541,0.181812,-0.371295,-3.369169,-0.169937,0.983325,0.064766,0.65819,0.376878,0.004124,0.926253,-1.405656,0.0,0.0,0.0,1.0
Hokuyo_20.csv, Hokuyo_14.csv,0.967328,-0.134318,-0.215022,-3.651704,0.132073,0.990929,-0.024841,-0.45926,0.216408,-0.004369,0.976293,-0.74186,0.0,0.0,0.0,1.0
Hokuyo_20.csv, Hokuyo_14.csv,0.995477,-0.075299,-0.057922,-3.778305,0.076122,0.997024,0.012146,-0.093163,0.056835,-0.0165,0.998247,-0.26945,0.0,0.0,0.0,1.0
Hokuyo_20.csv, Hokuyo_14.csv,0.960215,0.278542,0.019993,-3.280347,-0.259017,0.861565,0.436596,-0.07305,0.104386,-0.424405,0.899435,-0.238723,0.0,0.0,0.0,1.0
Hokuyo_20.csv, Hokuyo_14.csv,0.962154,-0.154596,-0.224409,-2.961424,0.122197,0.980832,-0.151777,-0.578442,0.243572,0.118611,0.962602,-0.664752,0.0,0.0,0.0,1.0
Hokuyo_20.csv, Hokuyo_14.csv,0.67481,0.13574,-0.7254,-2.593299,-0.266306,0.9615,-0.067813,1.526364,0.688268,0.238938,0.684978,-1.10507,0.0,0.0,0.0,1.0
Hokuyo_20.csv, Hokuyo_14.csv,0.664067,0.38927,0.638344,-2.977703,-0.305014,0.920546,-0.244054,1.267574,-0.682628,-0.032635,0.730036,1.698441,0.0,0.0,0.0,1.0
Hokuyo_20.csv, Hokuyo_14.csv,0.931104,-0.251142,-0.264523,-3.552411,0.098378,0.871246,-0.480887,0.046534,0.351235,0.421733,0.835927,-1.625039,0.0,0.0,0.0,1.0
Hokuyo_20.csv, Hokuyo_14.csv,0.890229,0.113038,-0.441264,-2.608381,-0.064226,0.99019,0.124085,0.806266,0.450963,-0.082124,0.888757,-2.160632,0.0,0.0,0.0,1.0
Hokuyo_20.csv, Hokuyo_14.csv,0.920542,-0.322863,0.219916,-4.232042,0.371245,0.898234,-0.23527,-2.192228,-0.121577,0.298219,0.946722,-0.140443,0.0,0.0,0.0,1.0
Hokuyo_20.csv, Hokuyo_14.csv,-0.059095,-0.951127,-0.30309,-0.304544,0.96619,0.021836,-0.256907,-3.909885,0.25097,-0.308024,0.917678,-1.623421,0.0,0.0,0.0,1.0
Hokuyo_20.csv, Hokuyo_14.csv,0.98903,-0.104228,0.104668,-4.815074,-0.007178,0.673847,0.738836,-0.530839,-0.147537,-0.731483,0.665707,-2.018538,0.0,0.0,0.0,1.0
Hokuyo_20.csv, Hokuyo_14.csv,0.778767,0.227667,0.584541,-4.282625,-0.124478,0.969373,-0.211713,-0.886295,-0.614839,0.092113,0.783255,3.628099,0.0,0.0,0.0,1.0
Hokuyo_20.csv, Hokuyo_14.csv,0.730587,-0.63844,-0.242153,-3.621247,0.636339,0.765208,-0.09762,-1.290995,0.247622,-0.082772,0.965314,-1.833831,0.0,0.0,0.0,1.0
Hokuyo_20.csv, Hokuyo_14.csv,0.943367,-0.319597,-0.088978,-3.346604,0.325645,0.840853,0.432345,-0.028135,-0.063358,-0.436836,0.897306,0.64448,0.0,0.0,0.0,1.0
Hokuyo_20.csv, Hokuyo_14.csv,0.756145,0.534152,0.378055,-2.415843,-0.64479,0.706793,0.291016,2.583687,-0.111759,-0.463816,0.878853,0.444206,0.0,0.0,0.0,1.0
Hokuyo_21.csv, Hokuyo_31.csv,0.884734,0.401688,0.236418,5.766738,-0.349215,0.907212,-0.234555,-1.575302,-0.3087,0.12496,0.942915,-1.745702,0.0,0.0,0.0,1.0
Hokuyo_21.csv, Hokuyo_31.csv,0.996765,0.051341,0.061823,6.139734,-0.04215,0.989008,-0.141731,0.424302,-0.068421,0.138668,0.987973,-0.047091,0.0,0.0,0.0,1.0
Hokuyo_21.csv, Hokuyo_31.csv,0.98308,-0.10133,-0.152601,6.114141,0.102231,0.99476,-0.001949,1.133933,0.151998,-0.013683,0.988285,1.227231,0.0,0.0,0.0,1.0
Hokuyo_21.csv, Hokuyo_31.csv,0.998885,0.014165,0.045037,6.214367,-0.023268,0.977731,0.208574,0.502846,-0.04108,-0.209389,0.976969,-0.178595,0.0,0.0,0.0,1.0
Hokuyo_21.csv, Hokuyo_31.csv,0.976735,0.169326,-0.1316,6.223705,-0.151355,0.979034,0.136333,-0.292521,0.151925,-0.113241,0.981882,1.211751,0.0,0.0,0.0,1.0
Hokuyo_21.csv, Hokuyo_31.csv,0.951559,0.047848,0.303722,5.930397,-0.051428,0.99867,0.0038,0.196064,-0.303138,-0.019235,0.952752,-1.711041,0.0,0.0,0.0,1.0
Hokuyo_21.csv, Hokuyo_31.csv,0.89183,0.011254,0.452231,5.9745,-0.235948,0.864511,0.443793,-0.396807,-0.385964,-0.50249,0.77365,-2.217524,0.0,0.0,0.0,1.0
Hokuyo_21.csv, Hokuyo_31.csv,0.995953,0.025562,-0.086163,4.872799,0.021319,0.864147,0.50279,0.523779,0.08731,-0.502592,0.860102,0.886392,0.0,0.0,0.0,1.0
Hokuyo_21.csv, Hokuyo_31.csv,0.761016,0.451636,-0.465704,5.930641,-0.583341,0.790496,-0.18663,-3.467693,0.283847,0.413694,0.865036,2.595219,0.0,0.0,0.0,1.0
Hokuyo_21.csv, Hokuyo_31.csv,0.908256,-0.043089,0.416188,5.253853,0.051367,0.998643,-0.008704,0.536929,-0.415249,0.029285,0.909236,-2.112979,0.0,0.0,0.0,1.0
Hokuyo_21.csv, Hokuyo_31.csv,0.850009,-0.208867,-0.483591,5.323649,0.30439,0.944003,0.127305,2.355245,0.429921,-0.25541,0.865986,2.860235,0.0,0.0,0.0,1.0
Hokuyo_21.csv, Hokuyo_31.csv,0.892995,-0.02853,0.449161,6.051215,-0.326751,0.645209,0.690608,-2.389526,-0.309507,-0.763474,0.566844,-2.459899,0.0,0.0,0.0,1.0
Hokuyo_21.csv, Hokuyo_31.csv,0.891863,-0.283218,-0.352661,5.229967,0.193402,0.943609,-0.268697,1.748497,0.408873,0.171438,0.896343,1.638321,0.0,0.0,0.0,1.0
Hokuyo_21.csv, Hokuyo_31.csv,0.650401,-0.115273,0.750792,4.760781,0.638891,0.617638,-0.458631,3.738061,-0.41085,0.77797,0.475359,-1.979234,0.0,0.0,0.0,1.0
Hokuyo_21.csv, Hokuyo_31.csv,0.386678,0.063126,0.920051,1.551046,-0.536318,0.826992,0.168664,-2.361788,-0.750228,-0.55866,0.353634,-5.51194,0.0,0.0,0.0,1.0
Hokuyo_21.csv, Hokuyo_31.csv,0.277893,0.020417,-0.960395,1.293737,0.080546,0.995759,0.044476,-1.245129,0.95723,-0.089715,0.275069,7.225226,0.0,0.0,0.0,1.0
Hokuyo_21.csv, Hokuyo_31.csv,0.760415,0.532587,0.371646,5.481132,-0.325385,0.807689,-0.491693,-0.548736,-0.562045,0.252963,0.787474,-3.12253,0.0,0.0,0.0,1.0
Hokuyo_21.csv, Hokuyo_31.csv,0.499755,0.163785,-0.85054,3.434382,0.309443,0.883397,0.351933,2.715072,0.809005,-0.439074,0.390798,3.890727,0.0,0.0,0.0,1.0
Hokuyo_21.csv, Hokuyo_31.csv,0.999772,0.017762,-0.011867,7.070539,-0.020466,0.955583,-0.294012,0.343946,0.006117,0.294189,0.955728,-0.187416,0.0,0.0,0.0,1.0
Hokuyo_11.csv, Hokuyo_22.csv,0.909429,0.131473,0.394528,6.028749,-0.075126,0.985042,-0.15508,-0.489862,-0.409015,0.111395,0.905702,-2.536646,0.0,0.0,0.0,1.0
Hokuyo_11.csv, Hokuyo_22.csv,0.971894,-0.146553,0.184239,6.342779,0.172524,0.975871,-0.133836,1.029273,-0.160179,0.16186,0.973726,-0.962618,0.0,0.0,0.0,1.0
Hokuyo_11.csv, Hokuyo_22.csv,0.96183,-0.272936,-0.01973,6.389666,0.256117,0.872477,0.416156,1.817909,-0.09637,-0.405325,0.909079,-0.392415,0.0,0.0,0.0,1.0
Hokuyo_11.csv, Hokuyo_22.csv,0.947892,0.244712,-0.204,6.242686,-0.180453,0.940095,0.289235,-1.306763,0.262559,-0.237351,0.935268,1.855847,0.0,0.0,0.0,1.0
