reference, reading, iT00, iT01, iT02, iT03, iT10, iT11, iT12, iT13, iT20, iT21, iT22, iT23, iT30, iT31, iT32, iT33
Hokuyo_1.csv, Hokuyo_17.csv,0.969407,0.188465,-0.157261,9.55075,-0.104232,0.896114,0.431412,3.982957,0.222229,-0.401821,0.888343,0.267314,0.0,0.0,0.0,1.0
Hokuyo_1.csv, Hokuyo_17.csv,0.811763,-0.370713,-0.451236,5.221572,0.337176,0.9284,-0.156153,8.028042,0.476816,-0.025387,0.878636,4.648843,0.0,0.0,0.0,1.0
Hokuyo_1.csv, Hokuyo_17.csv,0.88692,-0.055538,-0.458572,7.645051,0.123431,0.985141,0.119418,6.309498,0.445126,-0.162517,0.880597,3.518498,0.0,0.0,0.0,1.0
Hokuyo_1.csv, Hokuyo_17.csv,0.770713,-0.098555,-0.629515,6.248495,-0.155261,0.92914,-0.335547,3.548212,0.617977,0.356349,0.700798,7.812383,0.0,0.0,0.0,1.0
Hokuyo_1.csv, Hokuyo_17.csv,0.916856,0.04352,-0.396837,8.446065,0.025334,0.985693,0.166634,5.606809,0.398412,-0.162833,0.902637,3.139684,0.0,0.0,0.0,1.0
Hokuyo_1.csv, Hokuyo_17.csv,0.848098,0.055986,-0.526874,7.751471,-0.20228,0.953294,-0.224307,3.233722,0.489708,0.296809,0.819811,6.384978,0.0,0.0,0.0,1.0
Hokuyo_1.csv, Hokuyo_17.csv,0.970233,-0.064767,-0.233351,8.326777,0.105627,0.980263,0.167113,6.368674,0.217922,-0.186787,0.957925,1.474203,0.0,0.0,0.0,1.0
Hokuyo_1.csv, Hokuyo_17.csv,0.738472,0.002115,-0.67428,6.376122,-0.552553,0.575021,-0.603353,-1.92338,0.386448,0.818135,0.425806,8.241538,0.0,0.0,0.0,1.0
Hokuyo_1.csv, Hokuyo_17.csv,0.988855,-0.046572,0.14141,8.815322,0.128611,0.745678,-0.653776,5.134796,-0.075,0.664676,0.743358,3.400914,0.0,0.0,0.0,1.0
Hokuyo_1.csv, Hokuyo_17.csv,0.820021,-0.572214,0.011731,3.568501,0.473199,0.666312,-0.576289,6.566446,0.321944,0.47812,0.817162,5.112269,0.0,0.0,0.0,1.0
Hokuyo_1.csv, Hokuyo_17.csv,0.87677,-0.072933,0.475348,8.156215,0.240411,0.922531,-0.301891,6.322164,-0.416506,0.378968,0.826382,-1.844462,0.0,0.0,0.0,1.0
Hokuyo_1.csv, Hokuyo_17.csv,0.945177,0.209524,-0.250481,9.50271,-0.091547,0.906279,0.412645,4.296002,0.313465,-0.367091,0.875776,2.548027,0.0,0.0,0.0,1.0
Hokuyo_1.csv, Hokuyo_17.csv,0.888817,-0.191074,-0.416528,6.649889,0.109626,0.971192,-0.211584,5.870046,0.444956,0.142397,0.884158,5.433726,0.0,0.0,0.0,1.0
Hokuyo_1.csv, Hokuyo_17.csv,0.949745,0.302004,0.082319,10.142742,-0.311778,0.936103,0.162804,1.755671,-0.027892,-0.180287,0.983219,-2.270045,0.0,0.0,0.0,1.0
Hokuyo_1.csv, Hokuyo_17.csv,0.780833,-0.421668,0.460972,3.995797,0.553947,0.808473,-0.19878,10.78271,-0.288865,0.410568,0.864864,-0.155999,0.0,0.0,0.0,1.0
Hokuyo_1.csv, Hokuyo_17.csv,0.021625,0.256088,-0.966411,1.407059,-0.639311,-0.739632,-0.210299,-10.593883,-0.768645,0.622385,0.147726,-4.632108,0.0,0.0,0.0,1.0
Hokuyo_1.csv, Hokuyo_17.csv,0.88915,-0.056709,-0.454089,8.726884,0.35779,0.7048,0.61257,6.934425,0.285305,-0.707135,0.646963,-0.516908,0.0,0.0,0.0,1.0
Hokuyo_1.csv, Hokuyo_17.csv,0.916374,0.395297,-0.06323,11.115945,-0.377148,0.905448,0.194741,0.463113,0.134231,-0.154609,0.978814,1.036593,0.0,0.0,0.0,1.0
Hokuyo_1.csv, Hokuyo_17.csv,0.727195,-0.012018,-0.686327,6.066657,0.372798,0.846455,0.380176,9.094192,0.576376,-0.532324,0.620017,5.051351,0.0,0.0,0.0,1.0
Hokuyo_1.csv, Hokuyo_17.csv,-0.124254,0.100279,-0.98717,0.528386,-0.274563,0.95256,0.131323,1.376084,0.953507,0.287357,-0.090827,9.021943,0.0,0.0,0.0,1.0
Hokuyo_28.csv, Hokuyo_24.csv,0.971303,-0.223359,0.081728,-3.064902,0.22643,0.973554,-0.030364,0.503784,-0.072784,0.047999,0.996192,-0.129551,0.0,0.0,0.0,1.0
Hokuyo_28.csv, Hokuyo_24.csv,0.748738,-0.56485,0.346896,-2.980372,0.628226,0.771642,-0.099494,-0.569976,-0.211478,0.292425,0.932611,0.755628,0.0,0.0,0.0,1.0
Hokuyo_28.csv, Hokuyo_24.csv,0.843263,-0.523758,0.120769,-3.041307,0.536371,0.805418,-0.252203,-0.274095,0.034825,0.277452,0.960108,-0.039951,0.0,0.0,0.0,1.0
Hokuyo_28.csv, Hokuyo_24.csv,0.912376,-0.173696,-0.370672,-2.66928,0.229261,0.966995,0.111176,0.612832,0.339128,-0.186414,0.922085,-1.486098,0.0,0.0,0.0,1.0
Hokuyo_28.csv, Hokuyo_24.csv,0.838917,-0.493489,-0.229532,-2.995644,0.510855,0.85945,0.01933,-0.288131,0.187733,-0.133472,0.973109,-0.938517,0.0,0.0,0.0,1.0
Hokuyo_28.csv, Hokuyo_24.csv,0.886442,-0.457489,-0.070153,-3.153077,0.461433,0.885338,0.057053,0.0316,0.03601,-0.082944,0.995903,-0.572594,0.0,0.0,0.0,1.0
Hokuyo_28.csv, Hokuyo_24.csv,0.992213,-0.122179,0.024172,-2.673948,0.095884,0.873207,0.477826,-0.308609,-0.079487,-0.471787,0.878121,-0.512887,0.0,0.0,0.0,1.0
Hokuyo_28.csv, Hokuyo_24.csv,0.826288,-0.509655,-0.23979,-2.307047,0.49905,0.859836,-0.107843,-0.371397,0.261144,-0.030557,0.964816,-0.82997,0.0,0.0,0.0,1.0
Hokuyo_28.csv, Hokuyo_24.csv,0.680971,-0.107305,-0.724405,-1.922655,0.133367,0.990836,-0.021399,1.464695,0.720063,-0.082039,0.689042,-0.893397,0.0,0.0,0.0,1.0
Hokuyo_28.csv, Hokuyo_24.csv,0.757302,0.067673,0.649549,-2.752801,0.083413,0.976448,-0.198979,1.23819,-0.647715,0.204869,0.73382,1.029914,0.0,0.0,0.0,1.0
Hokuyo_28.csv, Hokuyo_24.csv,0.760212,-0.584313,-0.283999,-2.911536,0.437334,0.783523,-0.441396,0.340931,0.480434,0.211353,0.851184,-1.656399,0.0,0.0,0.0,1.0
Hokuyo_28.csv, Hokuyo_24.csv,0.867374,-0.225703,-0.44353,-1.903036,0.328588,0.929083,0.169805,0.806441,0.373752,-0.293024,0.880027,-2.189988,0.0,0.0,0.0,1.0
Hokuyo_28.csv, Hokuyo_24.csv,0.717587,-0.668107,0.196728,-3.766972,0.696457,0.689959,-0.197237,-1.810736,-0.003958,0.278548,0.960414,-0.509966,0.0,0.0,0.0,1.0
Hokuyo_28.csv, Hokuyo_24.csv,-0.424901,-0.836617,-0.345733,-0.316925,0.899605,-0.347704,-0.26422,-3.227543,0.100839,-0.423289,0.900364,-1.804058,0.0,0.0,0.0,1.0
Hokuyo_28.csv, Hokuyo_24.csv,0.867561,-0.488935,0.090994,-4.251034,0.250796,0.58811,0.768914,-0.729002,-0.429463,-0.644259,0.632843,-2.393988,0.0,0.0,0.0,1.0
Hokuyo_28.csv, Hokuyo_24.csv,0.799843,-0.12336,0.587394,-3.982374,0.268293,0.948919,-0.166045,-0.8116,-0.536906,0.290405,0.792083,2.993557,0.0,0.0,0.0,1.0
Hokuyo_28.csv, Hokuyo_24.csv,0.423497,-0.862322,-0.277583,-3.143051,0.886648,0.45739,-0.068177,-0.803941,0.185755,-0.217245,0.958279,-2.014052,0.0,0.0,0.0,1.0
Hokuyo_28.csv, Hokuyo_24.csv,0.742885,-0.660002,-0.111885,-2.76304,0.62545,0.624755,0.467435,0.095409,-0.238606,-0.417228,0.876918,0.266904,0.0,0.0,0.0,1.0
Hokuyo_28.csv, Hokuyo_24.csv,0.901424,0.176442,0.39535,-2.034618,-0.318232,0.889184,0.328756,2.147372,-0.293531,-0.422161,0.857681,0.040884,0.0,0.0,0.0,1.0
Hokuyo_21.csv, Hokuyo_28.csv,0.816275,0.537095,0.212658,5.191217,-0.500665,0.84142,-0.203341,-1.809016,-0.288149,0.059511,0.955735,-0.676915,0.0,0.0,0.0,1.0
Hokuyo_21.csv, Hokuyo_28.csv,0.976847,0.212219,0.027054,5.426068,-0.207591,0.970834,-0.119946,0.018663,-0.05172,0.111552,0.992413,0.877186,0.0,0.0,0.0,1.0
Hokuyo_21.csv, Hokuyo_28.csv,0.979834,0.062434,-0.189808,5.259446,-0.060756,0.998045,0.014653,0.746656,0.190351,-0.002826,0.981713,2.032007,0.0,0.0,0.0,1.0
Hokuyo_21.csv, Hokuyo_28.csv,0.984321,0.176128,0.009449,5.495054,-0.17358,0.957788,0.229153,0.410965,0.03131,-0.227202,0.973345,0.822554,0.0,0.0,0.0,1.0
Hokuyo_21.csv, Hokuyo_28.csv,0.930456,0.328109,-0.163082,5.309465,-0.302879,0.939229,0.161596,-0.354714,0.206192,-0.100964,0.973289,2.041478,0.0,0.0,0.0,1.0
Hokuyo_21.csv, Hokuyo_28.csv,0.942206,0.197953,0.270298,5.476184,-0.212673,0.976778,0.025991,-0.070699,-0.258877,-0.081974,0.962426,-0.592702,0.0,0.0,0.0,1.0
Hokuyo_21.csv, Hokuyo_28.csv,0.895006,0.15,0.420078,5.714461,-0.355792,0.808076,0.469496,-0.074587,-0.26903,-0.569662,0.776602,-1.052747,0.0,0.0,0.0,1.0
Hokuyo_21.csv, Hokuyo_28.csv,0.9745,0.188767,-0.121303,4.030616,-0.099789,0.848804,0.519206,0.705896,0.200971,-0.493862,0.845998,1.772797,0.0,0.0,0.0,1.0
Hokuyo_21.csv, Hokuyo_28.csv,0.658999,0.576225,-0.48341,4.782831,-0.710706,0.687435,-0.149435,-3.443511,0.246204,0.442039,0.862546,3.053587,0.0,0.0,0.0,1.0
Hokuyo_21.csv, Hokuyo_28.csv,0.918627,0.09958,0.382369,4.964804,-0.111799,0.993682,0.009808,0.180721,-0.378977,-0.051759,0.923959,-0.96506,0.0,0.0,0.0,1.0
Hokuyo_21.csv, Hokuyo_28.csv,0.853271,-0.060619,-0.517933,4.296381,0.151811,0.979076,0.135511,1.950309,0.498881,-0.194256,0.844621,3.416023,0.0,0.0,0.0,1.0
Hokuyo_21.csv, Hokuyo_28.csv,0.902493,0.110985,0.416159,5.799768,-0.400167,0.573409,0.714891,-1.701932,-0.159287,-0.811717,0.561911,-1.463836,0.0,0.0,0.0,1.0
Hokuyo_21.csv, Hokuyo_28.csv,0.911676,-0.129015,-0.390131,4.31533,0.027111,0.966249,-0.256181,1.060847,0.410014,0.222977,0.884405,2.106004,0.0,0.0,0.0,1.0
Hokuyo_21.csv, Hokuyo_28.csv,0.68906,-0.01843,0.72447,4.99943,0.511914,0.719985,-0.468579,2.637912,-0.512971,0.693745,0.505547,-1.468481,0.0,0.0,0.0,1.0
Hokuyo_21.csv, Hokuyo_28.csv,0.40663,0.112169,0.906681,2.091047,-0.656512,0.726034,0.204613,-2.055335,-0.635329,-0.678449,0.368868,-4.442998,0.0,0.0,0.0,1.0
Hokuyo_21.csv, Hokuyo_28.csv,0.233498,0.079135,-0.969133,0.187074,-0.080501,0.994834,0.061838,-1.573274,0.969019,0.063577,0.238662,6.782765,0.0,0.0,0.0,1.0
Hokuyo_21.csv, Hokuyo_28.csv,0.677685,0.64404,0.3549,5.084543,-0.47097,0.750791,-0.463143,-1.007929,-0.564738,0.146718,0.812124,-2.045492,0.0,0.0,0.0,1.0
Hokuyo_21.csv, Hokuyo_28.csv,0.433229,0.255163,-0.86441,2.217049,0.175329,0.916905,0.358532,2.5332,0.884065,-0.306883,0.352493,3.775953,0.0,0.0,0.0,1.0
Hokuyo_21.csv, Hokuyo_28.csv,0.982409,0.180634,-0.047365,6.296717,-0.186681,0.943566,-0.273557,-0.208862,-0.004722,0.277586,0.96069,0.602367,0.0,0.0,0.0,1.0
Hokuyo_10.csv, Hokuyo_24.csv,0.146628,0.957686,0.247666,4.554745,-0.967945,0.190523,-0.163656,-8.45767,-0.203918,-0.215729,0.954923,-1.29376,0.0,0.0,0.0,1.0
Hokuyo_10.csv, Hokuyo_24.csv,0.42586,0.904051,0.03654,6.61391,-0.886987,0.425113,-0.180365,-7.137868,-0.178594,0.044402,0.982921,-0.308646,0.0,0.0,0.0,1.0
Hokuyo_10.csv, Hokuyo_24.csv,0.539137,0.82676,-0.16062,7.309276,-0.751054,0.558255,0.352519,-4.657651,0.381114,-0.06942,0.921917,4.549723,0.0,0.0,0.0,1.0
Hokuyo_10.csv, Hokuyo_24.csv,0.035476,0.935301,-0.352069,2.760294,-0.945086,0.145925,0.292435,-7.99684,0.324889,0.322363,0.889117,5.068183,0.0,0.0,0.0,1.0
Hokuyo_10.csv, Hokuyo_24.csv,0.403883,0.906077,0.126106,6.570169,-0.910679,0.385135,0.149446,-6.904332,0.086841,-0.175199,0.980695,1.73086,0.0,0.0,0.0,1.0
Hokuyo_10.csv, Hokuyo_24.csv,0.233441,0.94396,-0.233337,4.830918,-0.971072,0.238716,-0.005782,-8.474983,0.050243,0.227938,0.972378,2.308734,0.0,0.0,0.0,1.0
Hokuyo_10.csv, Hokuyo_24.csv,0.488387,0.844214,-0.220866,7.631128,-0.846029,0.396068,-0.356877,-6.948606,-0.213804,0.361156,0.907665,0.989259,0.0,0.0,0.0,1.0
Hokuyo_10.csv, Hokuyo_24.csv,0.172107,0.954812,-0.242308,4.364403,-0.886106,0.042599,-0.46152,-8.643203,-0.430344,0.294143,0.853396,-1.737323,0.0,0.0,0.0,1.0
Hokuyo_10.csv, Hokuyo_24.csv,0.437105,0.878191,-0.194213,6.882762,-0.891161,0.452057,0.038419,-6.881417,0.121533,0.156284,0.980207,2.924385,0.0,0.0,0.0,1.0
Hokuyo_10.csv, Hokuyo_24.csv,-0.029344,0.99614,0.082731,3.082851,-0.837218,0.020722,-0.546476,-7.823925,-0.546082,-0.0853,0.833377,-4.573249,0.0,0.0,0.0,1.0
Hokuyo_10.csv, Hokuyo_24.csv,0.191854,0.760021,-0.620935,3.838571,-0.653348,0.571024,0.497061,-3.130804,0.732345,0.310325,0.60611,7.992851,0.0,0.0,0.0,1.0
Hokuyo_10.csv, Hokuyo_24.csv,-0.193974,0.954276,0.227449,1.152789,-0.949562,-0.124409,-0.287843,-10.169135,-0.246385,-0.271809,0.930276,-1.866,0.0,0.0,0.0,1.0
Hokuyo_10.csv, Hokuyo_24.csv,-0.352241,0.784929,0.50972,-0.6037,-0.702623,-0.58156,0.41001,-8.722691,0.618261,-0.213718,0.756357,5.125247,0.0,0.0,0.0,1.0
Hokuyo_10.csv, Hokuyo_24.csv,0.88872,-0.114527,-0.443914,6.941392,0.404387,0.652005,0.641374,7.713479,0.215979,-0.749515,0.625761,-0.138968,0.0,0.0,0.0,1.0
Hokuyo_10.csv, Hokuyo_24.csv,0.107144,0.95984,0.259285,3.13389,-0.717497,0.255176,-0.648137,-7.130564,-0.688271,-0.116593,0.716023,-3.389692,0.0,0.0,0.0,1.0
Hokuyo_10.csv, Hokuyo_24.csv,-0.094542,0.990838,0.096456,1.928904,-0.755284,-0.134508,0.641447,-5.167149,0.648543,-0.012206,0.761079,7.36138,0.0,0.0,0.0,1.0
Hokuyo_10.csv, Hokuyo_24.csv,-0.803349,0.145266,-0.577518,-8.42504,-0.578008,-0.423582,0.697484,-6.295103,-0.143305,0.894135,0.42425,2.990229,0.0,0.0,0.0,1.0
Hokuyo_10.csv, Hokuyo_24.csv,-0.8821,0.370794,-0.290532,-8.166404,-0.451537,-0.48984,0.745769,-2.881072,0.134213,0.78903,0.599516,4.023929,0.0,0.0,0.0,1.0
Hokuyo_10.csv, Hokuyo_24.csv,0.080143,0.026445,-0.996433,-2.451559,-0.746853,0.663633,-0.042455,-4.181332,0.660143,0.747591,0.072936,7.552452,0.0,0.0,0.0,1.0
Hokuyo_18.csv, Hokuyo_27.csv,0.86722,0.471887,-0.158911,6.264096,-0.495925,0.847147,-0.190781,-1.505888,0.044595,0.244256,0.968684,2.480699,0.0,0.0,0.0,1.0
Hokuyo_18.csv, Hokuyo_27.csv,0.751733,0.652763,-0.093807,6.135363,-0.647954,0.75756,0.079101,-2.408387,0.122699,0.001319,0.992442,2.518115,0.0,0.0,0.0,1.0
Hokuyo_18.csv, Hokuyo_27.csv,0.499823,0.800348,0.331089,5.422742,-0.831589,0.550317,-0.074905,-4.224892,-0.242154,-0.237891,0.940621,-0.43674,0.0,0.0,0.0,1.0
Hokuyo_18.csv, Hokuyo_27.csv,0.829937,0.543469,-0.125887,6.373692,-0.550589,0.834302,-0.028089,-1.821797,0.089763,0.092624,0.991646,2.299166,0.0,0.0,0.0,1.0
Hokuyo_18.csv, Hokuyo_27.csv,0.787971,0.583474,0.196624,6.691899,-0.575947,0.811389,-0.099661,-2.16414,-0.217688,-0.034716,0.9754,0.407658,0.0,0.0,0.0,1.0
Hokuyo_18.csv, Hokuyo_27.csv,0.826947,0.558426,-0.065737,6.228962,-0.56173,0.825646,-0.052599,-2.067759,0.024903,0.080423,0.996449,2.030132,0.0,0.0,0.0,1.0
Hokuyo_18.csv, Hokuyo_27.csv,0.928783,0.364357,0.067875,6.917286,-0.369221,0.92554,0.083964,-0.169693,-0.032228,-0.103046,0.994153,1.433483,0.0,0.0,0.0,1.0
Hokuyo_18.csv, Hokuyo_27.csv,0.729816,0.645852,0.224155,5.416634,-0.676907,0.728595,0.10462,-3.102258,-0.095749,-0.228086,0.968921,-0.354906,0.0,0.0,0.0,1.0
Hokuyo_18.csv, Hokuyo_27.csv,0.964733,-0.120736,-0.233909,4.189296,0.250058,0.697945,0.671076,4.330243,0.082232,-0.7059,0.703521,0.55034,0.0,0.0,0.0,1.0
Hokuyo_18.csv, Hokuyo_27.csv,0.949483,0.237004,-0.205698,6.323514,-0.276803,0.941321,-0.19311,-1.458424,0.14786,0.240292,0.959372,2.689372,0.0,0.0,0.0,1.0
Hokuyo_18.csv, Hokuyo_27.csv,0.619983,0.776912,-0.10967,5.635136,-0.784615,0.613671,-0.088247,-4.305921,-0.001259,0.14076,0.990042,2.226232,0.0,0.0,0.0,1.0
Hokuyo_18.csv, Hokuyo_27.csv,0.830507,0.499478,-0.246539,5.634321,-0.43152,0.856816,0.28223,0.496694,0.352207,-0.128007,0.927127,2.983309,0.0,0.0,0.0,1.0
Hokuyo_18.csv, Hokuyo_27.csv,0.965993,0.058058,0.251967,6.784414,-0.160231,0.899221,0.407094,2.142361,-0.202941,-0.433624,0.877943,-0.110596,0.0,0.0,0.0,1.0
Hokuyo_18.csv, Hokuyo_27.csv,0.939029,-0.321451,0.122041,6.523552,0.332021,0.939971,-0.078844,5.131592,-0.089371,0.114556,0.989388,0.958621,0.0,0.0,0.0,1.0
Hokuyo_18.csv, Hokuyo_27.csv,0.184787,0.177372,-0.966639,-0.690799,0.77339,0.580649,0.254389,7.536987,0.606401,-0.794597,-0.02988,2.082282,0.0,0.0,0.0,1.0
Hokuyo_18.csv, Hokuyo_27.csv,0.239161,-0.283934,0.928537,2.491285,0.427605,0.889363,0.161817,4.139355,-0.871755,0.358345,0.334112,-3.440787,0.0,0.0,0.0,1.0
Hokuyo_18.csv, Hokuyo_27.csv,0.335674,0.331238,0.881818,5.753142,-0.9367,0.216338,0.275301,-5.080626,-0.099582,-0.91841,0.38289,-3.320246,0.0,0.0,0.0,1.0
Hokuyo_18.csv, Hokuyo_27.csv,0.708855,0.050838,0.70352,5.24842,0.654379,0.324885,-0.682816,3.68499,-0.263276,0.944386,0.197029,-0.547527,0.0,0.0,0.0,1.0
Hokuyo_18.csv, Hokuyo_27.csv,0.702341,0.292376,0.649025,5.905798,-0.688164,0.512076,0.514012,-2.378429,-0.182067,-0.807647,0.560855,-1.085093,0.0,0.0,0.0,1.0
Hokuyo_14.csv, Hokuyo_10.csv,0.930345,-0.164229,0.327853,-3.238573,-0.002873,0.890804,0.454376,0.236147,-0.366676,-0.42367,0.828284,0.120232,0.0,0.0,0.0,1.0
Hokuyo_14.csv, Hokuyo_10.csv,0.761106,-0.643835,-0.078704,-2.555099,0.647806,0.748417,0.142193,-1.372954,-0.032646,-0.159211,0.986705,-0.715078,0.0,0.0,0.0,1.0
Hokuyo_14.csv, Hokuyo_10.csv,0.927147,-0.37461,-0.008092,-2.837739,0.360127,0.884919,0.29534,-0.769081,-0.103477,-0.27674,0.955358,-0.680504,0.0,0.0,0.0,1.0
Hokuyo_14.csv, Hokuyo_10.csv,0.89891,-0.380481,-0.217244,-2.634718,0.328805,0.913539,-0.239449,0.024647,0.289566,0.14381,0.946292,-1.477397,0.0,0.0,0.0,1.0
Hokuyo_14.csv, Hokuyo_10.csv,0.954206,-0.290018,0.073344,-2.946365,0.25745,0.920993,0.29239,-0.281348,-0.152348,-0.260119,0.953483,-0.489237,0.0,0.0,0.0,1.0
Hokuyo_14.csv, Hokuyo_10.csv,0.96331,-0.258917,-0.070679,-2.918604,0.2453,0.956218,-0.159611,0.167781,0.108911,0.136415,0.984647,-0.989065,0.0,0.0,0.0,1.0
Hokuyo_14.csv, Hokuyo_10.csv,0.885975,-0.404501,0.226775,-3.046942,0.321381,0.88812,0.328567,-0.455099,-0.33431,-0.218224,0.916851,0.16977,0.0,0.0,0.0,1.0
Hokuyo_14.csv, Hokuyo_10.csv,0.925862,-0.276448,-0.257598,-2.705444,0.016142,0.710037,-0.703981,1.287396,0.377518,0.647629,0.661857,-0.969483,0.0,0.0,0.0,1.0
Hokuyo_14.csv, Hokuyo_10.csv,0.729715,-0.381236,0.567605,-2.787471,0.653663,0.63251,-0.415522,-0.843366,-0.200604,0.674233,0.710751,0.705787,0.0,0.0,0.0,1.0
Hokuyo_14.csv, Hokuyo_10.csv,0.484269,-0.819979,0.305151,-3.034962,0.874387,0.441418,-0.201491,-3.087069,0.030519,0.364394,0.930744,-1.27763,0.0,0.0,0.0,1.0
Hokuyo_14.csv, Hokuyo_10.csv,0.471243,-0.355871,0.807023,-1.85834,0.635487,0.771494,-0.030876,-1.918748,-0.611626,0.527402,0.589713,1.225207,0.0,0.0,0.0,1.0
Hokuyo_14.csv, Hokuyo_10.csv,0.961319,-0.139244,0.237648,-3.139721,0.019673,0.89531,0.445007,0.333471,-0.274734,-0.42312,0.86342,1.100855,0.0,0.0,0.0,1.0
Hokuyo_14.csv, Hokuyo_10.csv,0.86542,-0.500919,0.011329,-3.070887,0.500989,0.865444,-0.004204,-1.050127,-0.007699,0.009312,0.999927,-0.502992,0.0,0.0,0.0,1.0
Hokuyo_14.csv, Hokuyo_10.csv,0.837164,-0.042884,0.545267,-2.994732,-0.033278,0.99108,0.129038,0.20851,-0.545938,-0.126173,0.828271,-0.645255,0.0,0.0,0.0,1.0
Hokuyo_14.csv, Hokuyo_10.csv,0.287681,-0.6501,0.703286,-2.87659,0.807494,0.559493,0.186873,-0.554867,-0.514969,0.514138,0.685906,1.206613,0.0,0.0,0.0,1.0
Hokuyo_14.csv, Hokuyo_10.csv,0.557104,0.199978,-0.806006,-0.570565,-0.661907,-0.47921,-0.5764,1.270424,-0.501513,0.854615,-0.134605,1.108483,0.0,0.0,0.0,1.0
Hokuyo_14.csv, Hokuyo_10.csv,0.926481,-0.376329,-0.003292,-1.774888,0.229328,0.557601,0.797803,-1.235194,-0.298401,-0.739905,0.60291,0.255784,0.0,0.0,0.0,1.0
Hokuyo_14.csv, Hokuyo_10.csv,0.908525,0.051222,0.414679,-2.190777,-0.111855,0.98605,0.123265,-0.113537,-0.40258,-0.158376,0.90158,0.561632,0.0,0.0,0.0,1.0
Hokuyo_14.csv, Hokuyo_10.csv,0.917783,-0.2862,-0.275252,-2.801622,0.396976,0.677366,0.619341,-0.126206,0.00919,-0.67769,0.735291,1.314391,0.0,0.0,0.0,1.0
Hokuyo_14.csv, Hokuyo_10.csv,0.397332,0.103702,-0.911797,1.191169,0.017431,0.992562,0.120483,-0.721424,0.91751,-0.063765,0.392569,-4.122945,0.0,0.0,0.0,1.0
Hokuyo_16.csv, Hokuyo_11.csv,0.820008,-0.548097,0.164853,-3.690982,0.54056,0.836299,0.091642,-0.871822,-0.188095,0.013967,0.982052,-0.254571,0.0,0.0,0.0,1.0
Hokuyo_16.csv, Hokuyo_11.csv,0.462096,-0.806523,0.368768,-3.027695,0.857262,0.512716,0.047129,-2.058775,-0.227083,0.294354,0.928326,0.470776,0.0,0.0,0.0,1.0
Hokuyo_16.csv, Hokuyo_11.csv,0.594904,-0.787802,0.159558,-3.193938,0.803772,0.584568,-0.110586,-1.699519,-0.006152,0.194039,0.980975,-0.534696,0.0,0.0,0.0,1.0
Hokuyo_16.csv, Hokuyo_11.csv,0.843523,-0.455819,-0.284075,-3.240974,0.52165,0.821213,0.231282,-0.776405,0.127863,-0.343279,0.930489,-1.693677,0.0,0.0,0.0,1.0
Hokuyo_16.csv, Hokuyo_11.csv,0.648877,-0.738224,-0.184353,-3.133885,0.760888,0.628708,0.160546,-1.791822,-0.002615,-0.244446,0.96966,-1.078901,0.0,0.0,0.0,1.0
Hokuyo_16.csv, Hokuyo_11.csv,0.683425,-0.729801,-0.017945,-3.39933,0.718289,0.667852,0.195025,-1.46335,-0.130344,-0.146173,0.980634,-0.638794,0.0,0.0,0.0,1.0
Hokuyo_16.csv, Hokuyo_11.csv,0.881182,-0.457218,0.120289,-3.433318,0.315784,0.758559,0.569974,-1.512464,-0.351848,-0.464265,0.81281,0.010555,0.0,0.0,0.0,1.0
Hokuyo_16.csv, Hokuyo_11.csv,0.633101,-0.748454,-0.197489,-2.412928,0.767403,0.640288,0.033519,-1.847772,0.101362,-0.172774,0.979732,-1.160136,0.0,0.0,0.0,1.0
Hokuyo_16.csv, Hokuyo_11.csv,0.698284,-0.294077,-0.652623,-2.316303,0.45832,0.884009,0.092047,0.15179,0.549855,-0.363386,0.752071,-1.542414,0.0,0.0,0.0,1.0
Hokuyo_16.csv, Hokuyo_11.csv,0.640001,-0.233653,0.731987,-3.610894,0.431216,0.897702,-0.090476,0.011896,-0.635964,0.373551,0.675284,1.274419,0.0,0.0,0.0,1.0
Hokuyo_16.csv, Hokuyo_11.csv,0.552586,-0.793209,-0.255871,-2.861342,0.729976,0.608764,-0.310712,-0.942587,0.402224,-0.015084,0.915417,-2.462603,0.0,0.0,0.0,1.0
Hokuyo_16.csv, Hokuyo_11.csv,0.794146,-0.484981,-0.366231,-2.36131,0.593594,0.748209,0.296359,-0.635387,0.130289,-0.452746,0.88207,-2.294953,0.0,0.0,0.0,1.0
Hokuyo_16.csv, Hokuyo_11.csv,0.41909,-0.884136,0.206566,-3.641354,0.906973,0.418185,-0.050204,-3.250108,-0.041995,0.208391,0.977143,-0.97076,0.0,0.0,0.0,1.0
Hokuyo_16.csv, Hokuyo_11.csv,-0.628459,-0.618509,-0.471685,1.124702,0.758921,-0.620508,-0.197509,-3.592122,-0.170522,-0.482097,0.859362,-1.50624,0.0,0.0,0.0,1.0
Hokuyo_16.csv, Hokuyo_11.csv,0.63327,-0.761847,0.136236,-4.463776,0.325191,0.421671,0.846431,-1.76924,-0.702295,-0.491717,0.514777,-1.311147,0.0,0.0,0.0,1.0
Hokuyo_16.csv, Hokuyo_11.csv,0.624354,-0.423841,0.656155,-4.640607,0.589928,0.806444,-0.040419,-2.177455,-0.512021,0.412323,0.753542,3.026263,0.0,0.0,0.0,1.0
Hokuyo_16.csv, Hokuyo_11.csv,0.144821,-0.938304,-0.314031,-2.45203,0.98899,0.127511,0.075094,-2.153431,-0.030418,-0.321449,0.946438,-2.04967,0.0,0.0,0.0,1.0
Hokuyo_16.csv, Hokuyo_11.csv,0.4876,-0.867875,-0.095079,-2.62889,0.728059,0.344094,0.5929,-1.289741,-0.481846,-0.35832,0.799644,0.86962,0.0,0.0,0.0,1.0
Hokuyo_16.csv, Hokuyo_11.csv,0.845511,-0.166983,0.507176,-3.120996,-0.04468,0.924388,0.378832,1.321274,-0.532083,-0.342966,0.774119,0.70213,0.0,0.0,0.0,1.0
Hokuyo_15.csv, Hokuyo_23.csv,0.703633,0.705958,0.080778,4.865269,-0.666717,0.69525,-0.268542,-3.755741,-0.245741,0.135099,0.959876,-0.827452,0.0,0.0,0.0,1.0
Hokuyo_15.csv, Hokuyo_23.csv,0.915711,0.394908,-0.074297,5.778899,-0.401192,0.888027,-0.224617,-1.928243,-0.022726,0.235492,0.971612,0.816316,0.0,0.0,0.0,1.0
Hokuyo_15.csv, Hokuyo_23.csv,0.93733,0.219953,-0.270247,5.847824,-0.256049,0.960826,-0.106078,-1.114828,0.236328,0.168627,0.956931,2.359615,0.0,0.0,0.0,1.0
Hokuyo_15.csv, Hokuyo_23.csv,0.929277,0.358808,-0.087754,5.916049,-0.347744,0.929911,0.119747,-1.422829,0.124568,-0.080762,0.98892,1.437859,0.0,0.0,0.0,1.0
Hokuyo_15.csv, Hokuyo_23.csv,0.837814,0.472583,-0.273377,5.381526,-0.474055,0.878085,0.065102,-2.264263,0.270813,0.075053,0.959702,2.558269,0.0,0.0,0.0,1.0
Hokuyo_15.csv, Hokuyo_23.csv,0.896865,0.408021,0.170742,5.87339,-0.399996,0.912964,-0.080619,-2.0056,-0.188777,0.004008,0.982013,-0.462214,0.0,0.0,0.0,1.0
Hokuyo_15.csv, Hokuyo_23.csv,0.867677,0.373118,0.328512,6.190905,-0.484427,0.783015,0.390152,-1.728716,-0.111658,-0.497665,0.860154,-0.075252,0.0,0.0,0.0,1.0
Hokuyo_15.csv, Hokuyo_23.csv,0.910582,0.351209,-0.217926,4.397315,-0.239357,0.877911,0.414707,-0.820856,0.336967,-0.325461,0.883475,2.978284,0.0,0.0,0.0,1.0
Hokuyo_15.csv, Hokuyo_23.csv,0.506889,0.618267,-0.600676,4.140178,-0.839185,0.513229,-0.179898,-5.257767,0.197059,0.595266,0.778991,2.590867,0.0,0.0,0.0,1.0
Hokuyo_15.csv, Hokuyo_23.csv,0.898871,0.323372,0.295737,5.543989,-0.3054,0.946257,-0.106434,-1.712082,-0.314261,0.005352,0.949323,-0.986963,0.0,0.0,0.0,1.0
Hokuyo_15.csv, Hokuyo_23.csv,0.821238,0.031129,-0.569738,4.95386,-0.038118,0.999273,-0.000347,0.305307,0.569312,0.022003,0.821828,4.299385,0.0,0.0,0.0,1.0
Hokuyo_15.csv, Hokuyo_23.csv,0.882523,0.336065,0.328959,6.352213,-0.469122,0.580307,0.665709,-2.917035,0.032822,-0.741825,0.669791,-0.002,0.0,0.0,0.0,1.0
Hokuyo_15.csv, Hokuyo_23.csv,0.898369,-0.006693,-0.439191,5.164693,-0.177377,0.9092,-0.376686,-0.7261,0.401832,0.416306,0.815612,2.169596,0.0,0.0,0.0,1.0
Hokuyo_15.csv, Hokuyo_23.csv,0.714683,0.212365,0.666429,5.683495,0.335223,0.732241,-0.592832,1.625428,-0.613883,0.647089,0.452132,-3.025905,0.0,0.0,0.0,1.0
Hokuyo_15.csv, Hokuyo_23.csv,0.421547,0.311009,0.851806,2.35806,-0.775938,0.609825,0.161345,-3.834497,-0.469273,-0.728963,0.498395,-3.617211,0.0,0.0,0.0,1.0
Hokuyo_15.csv, Hokuyo_23.csv,0.164156,-0.012495,-0.986357,0.041449,-0.272369,0.960473,-0.057497,-3.435137,0.948086,0.278092,0.154263,7.439193,0.0,0.0,0.0,1.0
Hokuyo_15.csv, Hokuyo_23.csv,0.553977,0.803314,0.218623,4.485505,-0.632808,0.57694,-0.516424,-2.814649,-0.540983,0.14774,0.827956,-2.589141,0.0,0.0,0.0,1.0
Hokuyo_15.csv, Hokuyo_23.csv,0.330159,0.210875,-0.92007,1.920016,0.008423,0.97403,0.226265,1.059897,0.943887,-0.082453,0.319807,5.064281,0.0,0.0,0.0,1.0
Hokuyo_15.csv, Hokuyo_23.csv,0.923654,0.354993,-0.144372,6.697687,-0.383064,0.844294,-0.374737,-2.118419,-0.011137,0.40143,0.915823,0.268524,0.0,0.0,0.0,1.0
Hokuyo_10.csv, Hokuyo_4.csv,0.82215,0.473242,0.316406,-3.474575,-0.442428,0.880932,-0.167985,1.10431,-0.358229,-0.001877,0.933632,1.308164,0.0,0.0,0.0,1.0
Hokuyo_10.csv, Hokuyo_4.csv,0.967881,0.227365,0.107293,-3.906254,-0.207918,0.963817,-0.166816,0.046194,-0.141338,0.139152,0.980133,0.313306,0.0,0.0,0.0,1.0
Hokuyo_10.csv, Hokuyo_4.csv,0.991032,0.096316,-0.092627,-3.745143,-0.054692,0.92481,0.376479,-0.389426,0.121923,-0.368036,0.921783,-0.167645,0.0,0.0,0.0,1.0
Hokuyo_10.csv, Hokuyo_4.csv,0.775179,0.563601,-0.285397,-3.265488,-0.493143,0.822203,0.284242,1.11377,0.394854,-0.079596,0.91529,-1.516518,0.0,0.0,0.0,1.0
Hokuyo_10.csv, Hokuyo_4.csv,0.949879,0.243255,0.196358,-3.817808,-0.275634,0.948037,0.158914,0.44398,-0.147497,-0.205071,0.967568,0.856971,0.0,0.0,0.0,1.0
Hokuyo_10.csv, Hokuyo_4.csv,0.897196,0.410577,-0.162687,-3.5478,-0.417193,0.90879,-0.007225,0.642693,0.144882,0.074355,0.986651,-0.746844,0.0,0.0,0.0,1.0
Hokuyo_10.csv, Hokuyo_4.csv,0.977073,0.148628,-0.152446,-2.914713,-0.193454,0.918776,-0.344129,0.16181,0.088917,0.365732,0.926464,0.04122,0.0,0.0,0.0,1.0
Hokuyo_10.csv, Hokuyo_4.csv,0.868117,0.465599,-0.172021,-3.402075,-0.487293,0.733495,-0.473847,1.290926,-0.094446,0.495181,0.863642,0.177487,0.0,0.0,0.0,1.0
Hokuyo_10.csv, Hokuyo_4.csv,0.969937,0.209126,-0.124451,-3.347792,-0.20394,0.977537,0.053196,-0.058669,0.132781,-0.026215,0.990799,-0.460474,0.0,0.0,0.0,1.0
Hokuyo_10.csv, Hokuyo_4.csv,0.753625,0.639655,0.151301,-3.088162,-0.468351,0.684068,-0.559195,1.805677,-0.461193,0.350562,0.815112,1.071314,0.0,0.0,0.0,1.0
Hokuyo_10.csv, Hokuyo_4.csv,0.753402,0.339972,-0.562854,-2.487376,0.006483,0.852093,0.523353,-0.17036,0.657529,-0.397944,0.639763,-2.679064,0.0,0.0,0.0,1.0
Hokuyo_10.csv, Hokuyo_4.csv,0.609022,0.738368,0.289665,-3.09885,-0.66855,0.674394,-0.313426,1.348772,-0.426771,-0.002771,0.904355,1.588399,0.0,0.0,0.0,1.0
Hokuyo_10.csv, Hokuyo_4.csv,0.359809,0.748919,0.556471,-2.333149,-0.917828,0.176891,0.355392,2.281118,0.167725,-0.638617,0.751023,-1.087383,0.0,0.0,0.0,1.0
Hokuyo_10.csv, Hokuyo_4.csv,0.4926,-0.754205,-0.434191,-1.591214,0.71789,0.070147,0.692613,-1.597294,-0.491914,-0.652882,0.575989,1.643058,0.0,0.0,0.0,1.0
Hokuyo_10.csv, Hokuyo_4.csv,0.79851,0.50516,0.32741,-4.488815,-0.204233,0.738963,-0.642045,-0.21217,-0.56628,0.445812,0.693238,4.140358,0.0,0.0,0.0,1.0
Hokuyo_10.csv, Hokuyo_4.csv,0.708037,0.68701,0.163407,-3.50789,-0.617006,0.489289,0.616361,3.292486,0.343494,-0.537229,0.770322,-0.483833,0.0,0.0,0.0,1.0
Hokuyo_10.csv, Hokuyo_4.csv,-0.348051,0.735843,-0.580858,0.065717,-0.736048,0.169238,0.655433,2.019581,0.580599,0.655664,0.482711,-1.640606,0.0,0.0,0.0,1.0
Hokuyo_10.csv, Hokuyo_4.csv,-0.23999,0.929402,-0.280386,-0.56895,-0.712296,0.027655,0.701335,4.421427,0.659576,0.368031,0.655372,-3.161038,0.0,0.0,0.0,1.0
Hokuyo_10.csv, Hokuyo_4.csv,0.136295,-0.017656,-0.990511,-2.435199,0.056243,0.998367,-0.010055,-0.214494,0.989072,-0.054339,0.137065,-4.569247,0.0,0.0,0.0,1.0
Hokuyo_25.csv, Hokuyo_22.csv,0.861874,-0.422776,-0.280057,-2.034271,0.344002,0.89317,-0.289671,-0.446428,0.372604,0.15332,0.915236,-1.240503,0.0,0.0,0.0,1.0
Hokuyo_25.csv, Hokuyo_22.csv,0.946384,-0.219571,-0.236952,-2.124396,0.225818,0.974169,-0.0008,-0.469403,0.231006,-0.052751,0.97152,-0.924184,0.0,0.0,0.0,1.0
Hokuyo_25.csv, Hokuyo_22.csv,0.980633,0.089652,0.174126,-2.486777,-0.07109,0.991379,-0.110063,0.359667,-0.182493,0.095553,0.978552,0.067257,0.0,0.0,0.0,1.0
Hokuyo_25.csv, Hokuyo_22.csv,0.901466,-0.348789,-0.25633,-1.993879,0.327186,0.936784,-0.124031,-0.685501,0.283386,0.027942,0.958597,-1.23994,0.0,0.0,0.0,1.0
Hokuyo_25.csv, Hokuyo_22.csv,0.959199,-0.276703,0.058067,-2.3042,0.282723,0.940273,-0.189616,-0.55976,-0.002132,0.198296,0.980139,-0.165797,0.0,0.0,0.0,1.0
Hokuyo_25.csv, Hokuyo_22.csv,0.921019,-0.33477,-0.19913,-2.323425,0.309862,0.93947,-0.146222,-0.748606,0.236027,0.072971,0.969002,-0.961401,0.0,0.0,0.0,1.0
Hokuyo_25.csv, Hokuyo_22.csv,0.849463,-0.525859,-0.043404,-2.008643,0.524562,0.850518,-0.03815,-1.101119,0.056977,0.009639,0.998328,-0.381162,0.0,0.0,0.0,1.0
Hokuyo_25.csv, Hokuyo_22.csv,0.978271,-0.191682,0.079012,-3.434222,0.189819,0.981345,0.030522,-0.884635,-0.083389,-0.014861,0.996405,-1.114652,0.0,0.0,0.0,1.0
Hokuyo_25.csv, Hokuyo_22.csv,0.440205,-0.856823,-0.268463,-2.36422,0.805435,0.244664,0.539826,-2.052921,-0.396853,-0.453865,0.797818,0.923561,0.0,0.0,0.0,1.0
Hokuyo_25.csv, Hokuyo_22.csv,0.717929,-0.630592,-0.294838,-1.584865,0.547988,0.77316,-0.319268,-2.491426,0.429284,0.067645,0.900631,-1.807633,0.0,0.0,0.0,1.0
Hokuyo_25.csv, Hokuyo_22.csv,0.963656,-0.04071,-0.264022,-2.033506,0.004669,0.990736,-0.135723,-0.307499,0.267101,0.129558,0.954919,-0.779958,0.0,0.0,0.0,1.0
Hokuyo_25.csv, Hokuyo_22.csv,0.847985,-0.380869,-0.368593,-2.264789,0.464752,0.868647,0.171629,-0.166729,0.254808,-0.316844,0.913609,-1.5989,0.0,0.0,0.0,1.0
Hokuyo_25.csv, Hokuyo_22.csv,0.658983,-0.729513,0.183171,-1.690128,0.678984,0.681741,0.272415,-1.138168,-0.323607,-0.055147,0.944583,1.008741,0.0,0.0,0.0,1.0
Hokuyo_25.csv, Hokuyo_22.csv,0.322922,-0.939408,0.115036,0.075414,0.926322,0.288802,-0.24191,-0.982727,0.194029,0.184679,0.963455,-1.24802,0.0,0.0,0.0,1.0
Hokuyo_25.csv, Hokuyo_22.csv,0.09657,-0.086665,-0.991545,-0.439879,0.957464,-0.264061,0.11633,-1.476736,-0.271911,-0.960605,0.057479,0.494047,0.0,0.0,0.0,1.0
Hokuyo_25.csv, Hokuyo_22.csv,0.064897,-0.318746,0.945615,-0.590376,0.981218,0.192884,-0.002324,-3.128954,-0.181653,0.928006,0.325277,1.196854,0.0,0.0,0.0,1.0
Hokuyo_25.csv, Hokuyo_22.csv,0.600231,-0.032559,0.799162,-0.389521,-0.341571,0.89304,0.29293,0.77333,-0.723223,-0.448797,0.52491,0.119457,0.0,0.0,0.0,1.0
Hokuyo_25.csv, Hokuyo_22.csv,0.572188,-0.506932,0.644685,-2.293007,0.5366,-0.36306,-0.76174,-1.053672,0.62021,0.781798,0.064281,-2.669957,0.0,0.0,0.0,1.0
Hokuyo_25.csv, Hokuyo_22.csv,0.750301,-0.360554,0.554119,-2.397253,0.0771,0.880187,0.468324,-0.240276,-0.656585,-0.308662,0.688204,2.127443,0.0,0.0,0.0,1.0
Hokuyo_4.csv, Hokuyo_0.csv,0.669972,0.703723,0.236453,-2.247656,-0.719437,0.536868,0.440662,1.386706,0.183159,-0.465345,0.865972,-0.322881,0.0,0.0,0.0,1.0
Hokuyo_4.csv, Hokuyo_0.csv,0.95478,0.259537,-0.145038,-2.446097,-0.252132,0.965327,0.067614,0.18149,0.157557,-0.027988,0.987113,-0.443278,0.0,0.0,0.0,1.0
Hokuyo_4.csv, Hokuyo_0.csv,0.827551,0.553339,-0.094732,-2.232632,-0.519002,0.81842,0.246626,0.691288,0.213998,-0.154931,0.964469,-0.62374,0.0,0.0,0.0,1.0
Hokuyo_4.csv, Hokuyo_0.csv,0.807353,0.50813,-0.299974,-2.166828,-0.583976,0.760925,-0.28278,1.224162,0.084568,0.403481,0.911071,-0.55854,0.0,0.0,0.0,1.0
Hokuyo_4.csv, Hokuyo_0.csv,0.776192,0.630253,-0.017489,-2.184048,-0.606335,0.753767,0.253362,1.104476,0.172864,-0.186053,0.967214,-0.468757,0.0,0.0,0.0,1.0
Hokuyo_4.csv, Hokuyo_0.csv,0.749102,0.642314,-0.162104,-2.183014,-0.6624,0.723151,-0.195652,1.360205,-0.008444,0.25394,0.967183,-0.254839,0.0,0.0,0.0,1.0
Hokuyo_4.csv, Hokuyo_0.csv,0.839777,0.523643,0.143427,-2.404842,-0.541804,0.791258,0.283475,0.982714,0.034952,-0.315766,0.948193,0.019918,0.0,0.0,0.0,1.0
Hokuyo_4.csv, Hokuyo_0.csv,0.734411,0.584972,-0.34416,-2.118586,-0.610561,0.347983,-0.711422,1.711967,-0.2964,0.732608,0.612725,0.436714,0.0,0.0,0.0,1.0
Hokuyo_4.csv, Hokuyo_0.csv,0.74843,0.438351,0.497694,-2.126055,-0.177632,0.855504,-0.486374,0.327656,-0.638982,0.275611,0.718151,1.538428,0.0,0.0,0.0,1.0
Hokuyo_4.csv, Hokuyo_0.csv,0.963251,-0.032881,0.266581,-3.225679,0.113416,0.949453,-0.292704,-1.77519,-0.243481,0.312181,0.918292,-0.414698,0.0,0.0,0.0,1.0
Hokuyo_4.csv, Hokuyo_0.csv,0.593779,0.260985,0.761126,-1.334644,-0.285824,0.952656,-0.10368,-0.436576,-0.752151,-0.155986,0.640264,1.401168,0.0,0.0,0.0,1.0
Hokuyo_4.csv, Hokuyo_0.csv,0.662551,0.735179,0.143308,-2.132443,-0.711001,0.557128,0.429052,1.508632,0.235589,-0.386161,0.89184,0.774602,0.0,0.0,0.0,1.0
Hokuyo_4.csv, Hokuyo_0.csv,0.898606,0.43351,-0.067644,-2.655791,-0.437555,0.896833,-0.065088,0.398102,0.032449,0.088086,0.995584,-0.020932,0.0,0.0,0.0,1.0
Hokuyo_4.csv, Hokuyo_0.csv,0.52709,0.714292,0.460393,-1.872649,-0.833954,0.53893,0.118628,1.275111,-0.163385,-0.446475,0.879754,-0.969822,0.0,0.0,0.0,1.0
Hokuyo_4.csv, Hokuyo_0.csv,0.73047,-0.064204,0.67992,-2.910113,-0.004481,0.995099,0.098781,0.99533,-0.682929,-0.075203,0.726602,1.519375,0.0,0.0,0.0,1.0
Hokuyo_4.csv, Hokuyo_0.csv,0.109461,0.498978,-0.859674,-0.145737,0.001915,-0.864976,-0.501811,-0.225316,-0.993989,0.053282,-0.095636,1.398896,0.0,0.0,0.0,1.0
Hokuyo_4.csv, Hokuyo_0.csv,0.828816,0.552256,-0.089867,-1.169999,-0.298488,0.572259,0.763823,-0.018382,0.473252,-0.606245,0.63914,-0.553866,0.0,0.0,0.0,1.0
Hokuyo_4.csv, Hokuyo_0.csv,0.48315,0.81411,0.322164,-0.95551,-0.873906,0.470868,0.120715,0.86006,-0.053421,-0.339865,0.938956,0.39347,0.0,0.0,0.0,1.0
Hokuyo_4.csv, Hokuyo_0.csv,0.737197,0.571283,-0.3608,-2.242222,-0.312066,0.761492,0.568107,1.311814,0.599295,-0.306213,0.739648,0.966216,0.0,0.0,0.0,1.0
Hokuyo_4.csv, Hokuyo_0.csv,0.095335,0.304022,-0.947883,1.291344,-0.807256,0.58077,0.105085,0.397441,0.58245,0.755166,0.300791,-3.00932,0.0,0.0,0.0,1.0
Hokuyo_0.csv, Hokuyo_14.csv,0.964539,-0.259909,0.045952,8.689859,0.26279,0.961902,-0.075396,2.486455,-0.024606,0.084799,0.996095,-0.124562,0.0,0.0,0.0,1.0
Hokuyo_0.csv, Hokuyo_14.csv,0.741277,-0.58281,0.332927,6.610868,0.652722,0.741523,-0.155229,6.258158,-0.156404,0.332377,0.930088,-1.112594,0.0,0.0,0.0,1.0
Hokuyo_0.csv, Hokuyo_14.csv,0.826762,-0.553329,0.101453,7.438268,0.555285,0.773805,-0.304768,5.302339,0.090132,0.308307,0.947007,1.049773,0.0,0.0,0.0,1.0
Hokuyo_0.csv, Hokuyo_14.csv,0.886705,-0.223305,-0.404833,7.942108,0.271917,0.960053,0.066018,2.761808,0.373918,-0.168619,0.912005,3.502475,0.0,0.0,0.0,1.0
Hokuyo_0.csv, Hokuyo_14.csv,0.807379,-0.534845,-0.249158,7.094145,0.544517,0.838041,-0.034476,5.19383,0.227243,-0.107836,0.967849,2.263002,0.0,0.0,0.0,1.0
Hokuyo_0.csv, Hokuyo_14.csv,0.863614,-0.495413,-0.09347,7.619934,0.49795,0.867193,0.004478,4.943292,0.078838,-0.05041,0.995612,0.814088,0.0,0.0,0.0,1.0
Hokuyo_0.csv, Hokuyo_14.csv,0.986711,-0.161684,-0.016076,9.20649,0.152096,0.884317,0.441418,0.654878,-0.057154,-0.437997,0.897158,-0.333067,0.0,0.0,0.0,1.0
Hokuyo_0.csv, Hokuyo_14.csv,0.793663,-0.550822,-0.258252,7.634827,0.526857,0.834581,-0.160921,4.855078,0.304171,-0.008344,0.95258,3.1636,0.0,0.0,0.0,1.0
Hokuyo_0.csv, Hokuyo_14.csv,0.641939,-0.159598,-0.749962,5.576438,0.170991,0.983263,-0.062884,2.339175,0.747446,-0.087869,0.658486,8.331808,0.0,0.0,0.0,1.0
Hokuyo_0.csv, Hokuyo_14.csv,0.788658,0.058767,0.612016,6.774467,0.112337,0.964892,-0.237409,1.369127,-0.604482,0.255987,0.754369,-6.133845,0.0,0.0,0.0,1.0
Hokuyo_0.csv, Hokuyo_14.csv,0.722732,-0.624181,-0.296742,6.258138,0.446805,0.749546,-0.488413,4.586098,0.527279,0.220406,0.820608,4.668247,0.0,0.0,0.0,1.0
Hokuyo_0.csv, Hokuyo_14.csv,0.83637,-0.27588,-0.473683,8.144528,0.372291,0.920135,0.121446,4.213475,0.402348,-0.277922,0.872282,3.245453,0.0,0.0,0.0,1.0
Hokuyo_0.csv, Hokuyo_14.csv,0.699176,-0.689759,0.18811,5.390438,0.713094,0.653845,-0.252948,5.7953,0.051477,0.310995,0.949016,0.119068,0.0,0.0,0.0,1.0
Hokuyo_0.csv, Hokuyo_14.csv,-0.472952,-0.829854,-0.29607,-5.090376,0.872066,-0.392923,-0.291743,7.449633,0.125771,-0.396171,0.909521,0.501941,0.0,0.0,0.0,1.0
Hokuyo_0.csv, Hokuyo_14.csv,0.851001,-0.52056,0.069388,6.465696,0.309029,0.603204,0.735286,2.534398,-0.424615,-0.604286,0.674196,-6.469207,0.0,0.0,0.0,1.0
Hokuyo_0.csv, Hokuyo_14.csv,0.820748,-0.135848,0.554902,6.12619,0.297322,0.930977,-0.211851,1.562089,-0.487823,0.338862,0.804489,-2.862042,0.0,0.0,0.0,1.0
Hokuyo_0.csv, Hokuyo_14.csv,0.376032,-0.887834,-0.265236,2.230191,0.899794,0.418233,-0.124309,9.33742,0.221296,-0.191914,0.956136,1.208794,0.0,0.0,0.0,1.0
Hokuyo_0.csv, Hokuyo_14.csv,0.710445,-0.693199,-0.12142,6.409488,0.67046,0.614247,0.416154,7.506023,-0.213896,-0.377061,0.901151,-1.480404,0.0,0.0,0.0,1.0
Hokuyo_0.csv, Hokuyo_14.csv,0.925002,0.15285,0.347861,8.897049,-0.267537,0.912103,0.310632,-1.949133,-0.269804,-0.3804,0.884591,-2.37215,0.0,0.0,0.0,1.0
Hokuyo_3.csv, Hokuyo_16.csv,0.915462,0.383814,0.120894,8.176503,-0.33515,0.893518,-0.298834,2.344919,-0.222719,0.233053,0.946616,0.19483,0.0,0.0,0.0,1.0
Hokuyo_3.csv, Hokuyo_16.csv,0.999609,0.013011,-0.024712,6.639399,-0.01857,0.970549,-0.240192,4.922161,0.020859,0.240556,0.970411,2.064864,0.0,0.0,0.0,1.0
Hokuyo_3.csv, Hokuyo_16.csv,0.962275,-0.159759,-0.220237,5.566456,0.137288,0.98396,-0.113914,5.889752,0.234902,0.079379,0.968772,2.649546,0.0,0.0,0.0,1.0
Hokuyo_3.csv, Hokuyo_16.csv,0.99896,-0.025727,-0.037647,6.51232,0.029616,0.993851,0.106697,5.468476,0.03467,-0.107703,0.993579,0.262399,0.0,0.0,0.0,1.0
Hokuyo_3.csv, Hokuyo_16.csv,0.967445,0.111647,-0.227124,6.996252,-0.10402,0.993544,0.045315,4.551409,0.230716,-0.020216,0.97281,2.149989,0.0,0.0,0.0,1.0
Hokuyo_3.csv, Hokuyo_16.csv,0.975041,0.035956,0.219094,6.763997,-0.015087,0.99525,-0.096191,4.95384,-0.221512,0.090483,0.97095,-0.442405,0.0,0.0,0.0,1.0
Hokuyo_3.csv, Hokuyo_16.csv,0.926885,0.017223,0.374951,6.843653,-0.166211,0.9145,0.36887,4.342356,-0.336539,-0.404222,0.850498,-3.531172,0.0,0.0,0.0,1.0
Hokuyo_3.csv, Hokuyo_16.csv,0.985291,-0.027508,-0.168651,5.030433,0.094962,0.908669,0.406576,5.390701,0.142064,-0.416613,0.897916,-0.222197,0.0,0.0,0.0,1.0
Hokuyo_3.csv, Hokuyo_16.csv,0.734354,0.368101,-0.570286,7.519113,-0.568386,0.792744,-0.220218,-0.071312,0.371028,0.485859,0.791376,5.89402,0.0,0.0,0.0,1.0
Hokuyo_3.csv, Hokuyo_16.csv,0.938228,-0.041155,0.34356,5.813311,0.086205,0.989396,-0.116899,5.292921,-0.335106,0.139294,0.931827,-0.695835,0.0,0.0,0.0,1.0
Hokuyo_3.csv, Hokuyo_16.csv,0.79777,-0.294132,-0.526355,3.751674,0.347756,0.937581,0.003147,7.09355,0.492574,-0.185555,0.850259,2.994827,0.0,0.0,0.0,1.0
Hokuyo_3.csv, Hokuyo_16.csv,0.926357,-0.02268,0.375962,6.726369,-0.243499,0.725473,0.643737,1.654632,-0.28735,-0.687878,0.666525,-5.311162,0.0,0.0,0.0,1.0
Hokuyo_3.csv, Hokuyo_16.csv,0.847914,-0.356676,-0.392204,3.504198,0.203552,0.902156,-0.380372,5.880659,0.489498,0.242688,0.837552,3.849138,0.0,0.0,0.0,1.0
Hokuyo_3.csv, Hokuyo_16.csv,0.70734,-0.067686,0.703625,5.429063,0.619303,0.539227,-0.570701,6.108293,-0.340785,0.839437,0.423332,2.365434,0.0,0.0,0.0,1.0
Hokuyo_3.csv, Hokuyo_16.csv,0.465531,0.138414,0.87414,3.276995,-0.490042,0.862783,0.124359,1.742097,-0.73698,-0.48626,0.469482,-7.774676,0.0,0.0,0.0,1.0
Hokuyo_3.csv, Hokuyo_16.csv,0.195767,-0.088958,-0.976607,0.015287,0.119679,0.990601,-0.066244,3.580604,0.97332,-0.103912,0.204573,7.361599,0.0,0.0,0.0,1.0
Hokuyo_3.csv, Hokuyo_16.csv,0.807865,0.533081,0.25135,8.694632,-0.336856,0.767597,-0.545275,2.520424,-0.483612,0.355839,0.799685,-0.843402,0.0,0.0,0.0,1.0
Hokuyo_3.csv, Hokuyo_16.csv,0.431164,0.054771,-0.900609,3.038313,0.369718,0.899786,0.231721,7.497739,0.823046,-0.432882,0.367706,2.508704,0.0,0.0,0.0,1.0
Hokuyo_3.csv, Hokuyo_16.csv,0.995133,-0.027933,-0.094499,7.30157,-0.011127,0.920998,-0.389411,4.460654,0.097911,0.388566,0.916204,2.630397,0.0,0.0,0.0,1.0
Hokuyo_8.csv, Hokuyo_19.csv,0.463387,0.880992,0.095523,6.559373,-0.859533,0.473071,-0.193412,-4.104832,-0.215583,0.00752,0.976456,-1.011081,0.0,0.0,0.0,1.0
Hokuyo_8.csv, Hokuyo_19.csv,0.698972,0.707536,-0.104062,7.35244,-0.707346,0.662552,-0.246347,-2.477292,-0.105353,0.245799,0.963578,0.574099,0.0,0.0,0.0,1.0
Hokuyo_8.csv, Hokuyo_19.csv,0.770882,0.568904,-0.286511,7.378882,-0.509152,0.820617,0.259522,-0.150986,0.382759,-0.054183,0.922258,2.897236,0.0,0.0,0.0,1.0
Hokuyo_8.csv, Hokuyo_19.csv,0.321434,0.808103,-0.493608,5.114395,-0.829912,0.491426,0.264098,-3.830151,0.45599,0.324761,0.828615,4.690697,0.0,0.0,0.0,1.0
Hokuyo_8.csv, Hokuyo_19.csv,0.683329,0.729935,-0.015955,7.406391,-0.726414,0.681904,0.085612,-2.239178,0.073372,-0.04691,0.9962,0.96753,0.0,0.0,0.0,1.0
Hokuyo_8.csv, Hokuyo_19.csv,0.517004,0.768361,-0.377265,6.427399,-0.838922,0.542388,-0.044997,-3.971629,0.17005,0.33976,0.925011,2.774193,0.0,0.0,0.0,1.0
