reference, reading, iT00, iT01, iT02, iT03, iT10, iT11, iT12, iT13, iT20, iT21, iT22, iT23, iT30, iT31, iT32, iT33
Hokuyo_12.csv, Hokuyo_32.csv,0.951999,0.225383,0.207126,13.808709,-0.296915,0.844465,0.445781,-4.540649,-0.074441,-0.485881,0.870848,-0.730436,0.0,0.0,0.0,1.0
Hokuyo_12.csv, Hokuyo_32.csv,0.937077,-0.304028,-0.171626,13.860286,0.317059,0.94688,0.05378,4.487763,0.146158,-0.104812,0.983692,2.500227,0.0,0.0,0.0,1.0
Hokuyo_12.csv, Hokuyo_32.csv,0.99216,0.011842,-0.124412,14.654423,0.018722,0.97018,0.24166,-0.062773,0.123562,-0.242095,0.962351,2.090087,0.0,0.0,0.0,1.0
Hokuyo_12.csv, Hokuyo_32.csv,0.944475,-0.015984,-0.328195,13.872096,-0.082835,0.954975,-0.284888,-1.418975,0.317971,0.296256,0.900624,4.814834,0.0,0.0,0.0,1.0
Hokuyo_12.csv, Hokuyo_32.csv,0.993366,0.10468,-0.047602,14.638487,-0.089492,0.963671,0.251655,-1.486412,0.072215,-0.245726,0.966645,1.374,0.0,0.0,0.0,1.0
Hokuyo_12.csv, Hokuyo_32.csv,0.972937,0.128893,-0.191787,14.214524,-0.166535,0.966506,-0.195278,-2.69645,0.160192,0.221932,0.961812,2.532766,0.0,0.0,0.0,1.0
Hokuyo_12.csv, Hokuyo_32.csv,0.993311,-0.018606,0.113963,14.61636,-0.014092,0.960027,0.279551,-0.307154,-0.11461,-0.279287,0.953342,-1.29201,0.0,0.0,0.0,1.0
Hokuyo_12.csv, Hokuyo_32.csv,0.923942,0.088003,-0.372274,13.431627,-0.34301,0.621405,-0.704414,-5.115222,0.169342,0.778531,0.604327,2.601551,0.0,0.0,0.0,1.0
Hokuyo_12.csv, Hokuyo_32.csv,0.880839,-0.038604,0.471837,13.115936,0.303091,0.811617,-0.499414,4.374464,-0.363674,0.582913,0.726605,-5.125762,0.0,0.0,0.0,1.0
Hokuyo_12.csv, Hokuyo_32.csv,0.79702,-0.551801,0.245509,11.12065,0.603919,0.732479,-0.314255,7.563403,-0.006425,0.398735,0.917043,-0.697088,0.0,0.0,0.0,1.0
Hokuyo_12.csv, Hokuyo_32.csv,0.662428,-0.101656,0.742195,10.341542,0.276819,0.953843,-0.116424,3.118383,-0.696104,0.282577,0.659993,-10.604472,0.0,0.0,0.0,1.0
Hokuyo_12.csv, Hokuyo_32.csv,0.960155,0.25536,0.113556,13.996822,-0.279148,0.856788,0.433578,-4.133994,0.013424,-0.448001,0.893932,1.829989,0.0,0.0,0.0,1.0
Hokuyo_12.csv, Hokuyo_32.csv,0.987168,-0.12722,-0.096515,14.320472,0.120417,0.990012,-0.07332,1.253527,0.104878,0.060757,0.992626,2.023821,0.0,0.0,0.0,1.0
Hokuyo_12.csv, Hokuyo_32.csv,0.844729,0.313231,0.433957,12.322088,-0.401329,0.907167,0.126421,-6.614653,-0.354074,-0.280951,0.892019,-6.388979,0.0,0.0,0.0,1.0
Hokuyo_12.csv, Hokuyo_32.csv,0.597239,-0.449137,0.664514,8.040409,0.541698,0.836873,0.078776,9.276484,-0.591497,0.312919,0.74311,-8.708768,0.0,0.0,0.0,1.0
Hokuyo_12.csv, Hokuyo_32.csv,0.338119,0.354463,-0.871797,4.920231,-0.484918,-0.728297,-0.484187,-7.799133,-0.806555,0.586464,-0.074364,-13.095235,0.0,0.0,0.0,1.0
Hokuyo_12.csv, Hokuyo_32.csv,0.992775,0.010267,-0.119555,15.731024,0.084677,0.645989,0.758635,0.908954,0.08502,-0.763278,0.640451,2.015541,0.0,0.0,0.0,1.0
Hokuyo_12.csv, Hokuyo_32.csv,0.858216,0.420212,0.294764,13.296657,-0.471844,0.87193,0.130775,-8.190499,-0.202062,-0.251317,0.946578,-2.447237,0.0,0.0,0.0,1.0
Hokuyo_12.csv, Hokuyo_32.csv,0.918316,0.074932,-0.388693,13.222074,0.170634,0.811077,0.559498,3.445311,0.357184,-0.580121,0.732037,7.995455,0.0,0.0,0.0,1.0
Hokuyo_12.csv, Hokuyo_32.csv,0.21737,0.198371,-0.955718,4.45338,-0.356554,0.927605,0.111442,-6.756966,0.908636,0.316542,0.272362,12.219672,0.0,0.0,0.0,1.0
Hokuyo_22.csv, Hokuyo_2.csv,0.969905,0.218142,0.108156,-12.480924,-0.213105,0.975408,-0.056254,3.739879,-0.11777,0.031513,0.992542,1.232906,0.0,0.0,0.0,1.0
Hokuyo_22.csv, Hokuyo_2.csv,0.907448,-0.180626,0.379357,-12.188485,0.238429,0.964801,-0.110955,-1.861878,-0.345963,0.191136,0.918574,4.567681,0.0,0.0,0.0,1.0
Hokuyo_22.csv, Hokuyo_2.csv,0.982229,-0.107288,0.153998,-12.946152,0.145847,0.952748,-0.266458,-0.679191,-0.118135,0.284185,0.951465,1.609325,0.0,0.0,0.0,1.0
Hokuyo_22.csv, Hokuyo_2.csv,0.909675,0.228724,-0.346668,-11.540974,-0.212203,0.973483,0.08545,3.859225,0.357017,-0.004167,0.934088,-4.913064,0.0,0.0,0.0,1.0
Hokuyo_22.csv, Hokuyo_2.csv,0.976363,-0.088711,-0.197095,-12.873953,0.091024,0.995846,0.002684,-0.055724,0.196036,-0.020559,0.980382,-2.770195,0.0,0.0,0.0,1.0
Hokuyo_22.csv, Hokuyo_2.csv,0.998744,-0.032644,-0.037999,-13.166437,0.03411,0.998673,0.038579,0.840855,0.036687,-0.039825,0.998533,-0.832847,0.0,0.0,0.0,1.0
Hokuyo_22.csv, Hokuyo_2.csv,0.947109,0.317319,0.047895,-11.757946,-0.303835,0.838623,0.452104,3.753718,0.103293,-0.442742,0.890679,-1.915937,0.0,0.0,0.0,1.0
Hokuyo_22.csv, Hokuyo_2.csv,0.972238,-0.108937,-0.207094,-12.16886,0.084223,0.98862,-0.12465,-0.098702,0.218314,0.103749,0.970348,-2.743184,0.0,0.0,0.0,1.0
Hokuyo_22.csv, Hokuyo_2.csv,0.683497,0.182092,-0.706878,-8.644571,-0.304795,0.95112,-0.049705,5.589282,0.663274,0.249428,0.705588,-7.121857,0.0,0.0,0.0,1.0
Hokuyo_22.csv, Hokuyo_2.csv,0.633785,0.399783,0.662186,-8.521254,-0.338081,0.913152,-0.227714,5.624546,-0.695713,-0.079551,0.713903,7.9923,0.0,0.0,0.0,1.0
Hokuyo_22.csv, Hokuyo_2.csv,0.946092,-0.205618,-0.250263,-12.62964,0.071861,0.88665,-0.456824,0.5698,0.315826,0.414215,0.853629,-4.205148,0.0,0.0,0.0,1.0
Hokuyo_22.csv, Hokuyo_2.csv,0.893717,0.160994,-0.418752,-10.703943,-0.108129,0.983176,0.147219,3.034374,0.435406,-0.086291,0.896089,-6.499329,0.0,0.0,0.0,1.0
Hokuyo_22.csv, Hokuyo_2.csv,0.928457,-0.290157,0.231898,-13.332655,0.33819,0.918545,-0.204705,-4.165751,-0.153613,0.268486,0.950957,1.475424,0.0,0.0,0.0,1.0
Hokuyo_22.csv, Hokuyo_2.csv,-0.012965,-0.944641,-0.327851,-1.319293,0.96957,0.068289,-0.235102,-12.863978,0.244472,-0.32092,0.915009,-4.473231,0.0,0.0,0.0,1.0
Hokuyo_22.csv, Hokuyo_2.csv,0.99013,-0.065989,0.123643,-14.192054,-0.050714,0.653739,0.75502,0.640705,-0.130655,-0.753837,0.64394,-1.855399,0.0,0.0,0.0,1.0
Hokuyo_22.csv, Hokuyo_2.csv,0.756236,0.244488,0.606904,-11.159487,-0.160456,0.968538,-0.19023,1.870705,-0.63432,0.046477,0.771674,9.496205,0.0,0.0,0.0,1.0
Hokuyo_22.csv, Hokuyo_2.csv,0.761517,-0.601307,-0.241913,-11.470558,0.60569,0.793072,-0.06464,-5.95179,0.230722,-0.097298,0.968143,-4.281745,0.0,0.0,0.0,1.0
Hokuyo_22.csv, Hokuyo_2.csv,0.957549,-0.278003,-0.076248,-12.652008,0.281144,0.842169,0.460122,-1.676675,-0.063704,-0.462025,0.884576,0.507931,0.0,0.0,0.0,1.0
Hokuyo_22.csv, Hokuyo_2.csv,0.725124,0.554991,0.407652,-8.575747,-0.679688,0.671862,0.294324,9.746773,-0.11054,-0.490496,0.864404,0.713789,0.0,0.0,0.0,1.0
Hokuyo_4.csv, Hokuyo_26.csv,0.932885,0.317867,0.169374,13.807933,-0.271643,0.929722,-0.248659,-4.254668,-0.236511,0.185962,0.953667,-3.29603,0.0,0.0,0.0,1.0
Hokuyo_4.csv, Hokuyo_26.csv,0.99887,-0.047468,0.002181,14.737819,0.047104,0.983099,-0.176918,0.5124,0.006254,0.176821,0.984223,0.508233,0.0,0.0,0.0,1.0
Hokuyo_4.csv, Hokuyo_26.csv,0.957068,-0.204852,-0.205078,14.274111,0.199638,0.97879,-0.046026,2.606128,0.210157,0.003108,0.977663,3.570491,0.0,0.0,0.0,1.0
Hokuyo_4.csv, Hokuyo_26.csv,0.996276,-0.085193,-0.01326,14.790094,0.086203,0.981339,0.171888,1.119179,-0.00163,-0.172391,0.985027,0.387382,0.0,0.0,0.0,1.0
Hokuyo_4.csv, Hokuyo_26.csv,0.978776,0.065601,-0.19415,14.515884,-0.045313,0.993211,0.107162,-0.844929,0.199862,-0.09609,0.9751,3.487261,0.0,0.0,0.0,1.0
Hokuyo_4.csv, Hokuyo_26.csv,0.968442,-0.03854,0.246241,14.399098,0.047757,0.998361,-0.031572,0.366268,-0.244621,0.042336,0.968694,-3.290743,0.0,0.0,0.0,1.0
Hokuyo_4.csv, Hokuyo_26.csv,0.914603,-0.064089,0.399244,14.070209,-0.121806,0.897832,0.423161,-1.411742,-0.385572,-0.435654,0.813351,-4.987494,0.0,0.0,0.0,1.0
Hokuyo_4.csv, Hokuyo_26.csv,0.986452,-0.077818,-0.144413,13.290333,0.137296,0.873437,0.467183,1.765736,0.089782,-0.480682,0.872286,2.245022,0.0,0.0,0.0,1.0
Hokuyo_4.csv, Hokuyo_26.csv,0.771926,0.357247,-0.525837,12.197269,-0.512772,0.838827,-0.182858,-8.163332,0.375761,0.410787,0.830697,6.19017,0.0,0.0,0.0,1.0
Hokuyo_4.csv, Hokuyo_26.csv,0.923344,-0.120951,0.364427,13.418263,0.149087,0.987562,-0.049978,1.57046,-0.353848,0.100479,0.92989,-4.665911,0.0,0.0,0.0,1.0
Hokuyo_4.csv, Hokuyo_26.csv,0.794006,-0.309095,-0.523465,11.930191,0.403333,0.912122,0.0732,5.658835,0.454838,-0.269253,0.848897,7.296815,0.0,0.0,0.0,1.0
Hokuyo_4.csv, Hokuyo_26.csv,0.911643,-0.103866,0.397642,14.129487,-0.218528,0.696924,0.68304,-4.048151,-0.34807,-0.709585,0.612647,-4.956653,0.0,0.0,0.0,1.0
Hokuyo_4.csv, Hokuyo_26.csv,0.836255,-0.383004,-0.392411,12.28823,0.2688,0.910084,-0.31543,3.682457,0.477938,0.1583,0.864012,6.186289,0.0,0.0,0.0,1.0
Hokuyo_4.csv, Hokuyo_26.csv,0.680605,-0.155875,0.715877,11.039601,0.667452,0.53486,-0.518105,9.071216,-0.302134,0.83044,0.468066,-4.504534,0.0,0.0,0.0,1.0
Hokuyo_4.csv, Hokuyo_26.csv,0.446651,0.053605,0.893101,5.869445,-0.4407,0.881896,0.167467,-6.254935,-0.778644,-0.46839,0.417522,-11.871037,0.0,0.0,0.0,1.0
Hokuyo_4.csv, Hokuyo_26.csv,0.219196,-0.038862,-0.974906,2.650692,0.181042,0.983475,0.001502,0.0923,0.958737,-0.176829,0.222609,15.628396,0.0,0.0,0.0,1.0
Hokuyo_4.csv, Hokuyo_26.csv,0.830615,0.464952,0.306428,12.685712,-0.273552,0.820018,-0.502733,-3.359688,-0.485023,0.333755,0.808306,-6.921979,0.0,0.0,0.0,1.0
Hokuyo_4.csv, Hokuyo_26.csv,0.46044,0.084886,-0.883622,6.887618,0.416128,0.85863,0.299323,6.264901,0.784112,-0.505522,0.360024,10.941762,0.0,0.0,0.0,1.0
Hokuyo_4.csv, Hokuyo_26.csv,0.994026,-0.083551,-0.070216,15.595248,0.056013,0.942737,-0.328801,0.434144,0.093667,0.322905,0.941785,1.063357,0.0,0.0,0.0,1.0
Hokuyo_28.csv, Hokuyo_10.csv,0.901102,0.142208,0.409624,-11.762375,-0.081174,0.983314,-0.162805,1.779504,-0.425941,0.113453,0.897609,5.337582,0.0,0.0,0.0,1.0
Hokuyo_28.csv, Hokuyo_10.csv,0.969756,-0.136574,0.202288,-12.835564,0.166134,0.97652,-0.137141,-1.560288,-0.178808,0.1666,0.969676,2.064409,0.0,0.0,0.0,1.0
Hokuyo_28.csv, Hokuyo_10.csv,0.96443,-0.264339,-0.000999,-12.640665,0.240912,0.877391,0.414902,-2.619258,-0.108798,-0.400385,0.909866,0.962534,0.0,0.0,0.0,1.0
Hokuyo_28.csv, Hokuyo_10.csv,0.949125,0.251978,-0.188859,-12.070354,-0.193933,0.940246,0.27987,2.882841,0.248096,-0.229006,0.941279,-3.690111,0.0,0.0,0.0,1.0
Hokuyo_28.csv, Hokuyo_10.csv,0.949869,-0.116555,0.290111,-12.554683,0.065367,0.98144,0.180281,-0.196215,-0.305739,-0.15228,0.939858,3.795826,0.0,0.0,0.0,1.0
Hokuyo_28.csv, Hokuyo_10.csv,0.995946,0.063631,-0.063576,-12.76039,-0.063716,0.997967,0.00071,1.174059,0.063493,0.003343,0.997977,-1.221856,0.0,0.0,0.0,1.0
Hokuyo_28.csv, Hokuyo_10.csv,0.975983,-0.209653,-0.059186,-11.926648,0.181094,0.931823,-0.314499,-1.600194,0.121088,0.296228,0.947411,-0.988436,0.0,0.0,0.0,1.0
Hokuyo_28.csv, Hokuyo_10.csv,0.989419,0.12555,-0.072719,-12.55894,-0.14506,0.866168,-0.478237,2.527774,0.002944,0.483725,0.875215,0.220515,0.0,0.0,0.0,1.0
Hokuyo_28.csv, Hokuyo_10.csv,0.988103,-0.151028,-0.029006,-12.471697,0.152947,0.98476,0.082786,-1.519153,0.016061,-0.086238,0.996145,-0.492303,0.0,0.0,0.0,1.0
Hokuyo_28.csv, Hokuyo_10.csv,0.91295,0.324464,0.247479,-11.51408,-0.136597,0.814458,-0.563915,2.957707,-0.384532,0.481021,0.787879,4.684705,0.0,0.0,0.0,1.0
Hokuyo_28.csv, Hokuyo_10.csv,0.876783,0.055032,-0.477728,-10.644887,0.257368,0.785481,0.562833,-2.530369,0.40622,-0.616435,0.674532,-6.321212,0.0,0.0,0.0,1.0
Hokuyo_28.csv, Hokuyo_10.csv,0.799993,0.4665,0.377345,-10.474746,-0.350403,0.873749,-0.337315,4.498185,-0.487062,0.137627,0.862456,6.177197,0.0,0.0,0.0,1.0
Hokuyo_28.csv, Hokuyo_10.csv,0.545749,0.561952,0.621585,-7.338151,-0.825204,0.489315,0.282153,9.908855,-0.145594,-0.666919,0.730768,0.37803,0.0,0.0,0.0,1.0
Hokuyo_28.csv, Hokuyo_10.csv,0.232451,-0.874448,-0.425801,-3.736295,0.623602,-0.201968,0.755202,-7.262685,-0.746383,-0.441077,0.498359,8.620285,0.0,0.0,0.0,1.0
Hokuyo_28.csv, Hokuyo_10.csv,0.889398,0.180322,0.420066,-12.669502,0.136583,0.772117,-0.62063,-1.588033,-0.436254,0.609359,0.66209,8.210149,0.0,0.0,0.0,1.0
Hokuyo_28.csv, Hokuyo_10.csv,0.886231,0.384844,0.257855,-11.689258,-0.460325,0.669233,0.583291,7.572404,0.051912,-0.635628,0.770248,-0.840606,0.0,0.0,0.0,1.0
Hokuyo_28.csv, Hokuyo_10.csv,-0.004237,0.81993,-0.572449,-0.006433,-0.688672,0.412675,0.59618,8.425456,0.725061,0.396754,0.562914,-8.29939,0.0,0.0,0.0,1.0
Hokuyo_28.csv, Hokuyo_10.csv,0.135321,0.957527,-0.254618,-1.902814,-0.721504,0.271357,0.637022,11.143352,0.679058,0.097505,0.72758,-9.359127,0.0,0.0,0.0,1.0
Hokuyo_28.csv, Hokuyo_10.csv,0.218367,-0.051248,-0.97452,-4.558981,0.408412,0.911757,0.043568,-4.035478,0.886294,-0.40752,0.220028,-12.709853,0.0,0.0,0.0,1.0
Hokuyo_25.csv, Hokuyo_7.csv,0.950135,-0.18308,-0.252439,-11.791104,0.118573,0.960819,-0.250535,-1.129086,0.288417,0.208108,0.934616,-3.843605,0.0,0.0,0.0,1.0
Hokuyo_25.csv, Hokuyo_7.csv,0.979177,0.033091,-0.200298,-12.036875,-0.02664,0.999038,0.034819,0.394784,0.201258,-0.02876,0.979116,-2.777275,0.0,0.0,0.0,1.0
Hokuyo_25.csv, Hokuyo_7.csv,0.919519,0.325794,0.219872,-11.539783,-0.314141,0.945377,-0.087055,4.07209,-0.236223,0.010977,0.971637,2.655497,0.0,0.0,0.0,1.0
Hokuyo_25.csv, Hokuyo_7.csv,0.968948,-0.102458,-0.225041,-11.887789,0.085297,0.992747,-0.084719,-0.97986,0.23209,0.062891,0.970659,-3.352246,0.0,0.0,0.0,1.0
Hokuyo_25.csv, Hokuyo_7.csv,0.995184,-0.029768,0.093397,-12.356313,0.043808,0.987394,-0.152103,-0.451699,-0.087691,0.15546,0.983942,1.009495,0.0,0.0,0.0,1.0
Hokuyo_25.csv, Hokuyo_7.csv,0.982246,-0.086093,-0.166679,-12.330306,0.068676,0.991821,-0.107581,-0.880201,0.174579,0.094222,0.980125,-2.472384,0.0,0.0,0.0,1.0
Hokuyo_25.csv, Hokuyo_7.csv,0.955433,-0.294573,-0.019361,-11.837746,0.29476,0.955541,0.007563,-3.514809,0.016273,-0.012934,0.999784,-0.352056,0.0,0.0,0.0,1.0
Hokuyo_25.csv, Hokuyo_7.csv,0.991478,0.056496,0.117395,-13.393285,-0.064404,0.995825,0.064686,0.365159,-0.11325,-0.071697,0.990977,0.186533,0.0,0.0,0.0,1.0
Hokuyo_25.csv, Hokuyo_7.csv,0.651085,-0.70897,-0.271014,-9.413336,0.697743,0.41854,0.58136,-8.738232,-0.298735,-0.567614,0.767185,3.7616,0.0,0.0,0.0,1.0
Hokuyo_25.csv, Hokuyo_7.csv,0.863737,-0.419624,-0.27906,-10.613496,0.347129,0.896846,-0.274169,-5.525372,0.365321,0.139938,0.920303,-5.230625,0.0,0.0,0.0,1.0
Hokuyo_25.csv, Hokuyo_7.csv,0.951873,0.21145,-0.221869,-11.569515,-0.239772,0.964654,-0.109327,2.660521,0.19091,0.157262,0.968929,-2.421063,0.0,0.0,0.0,1.0
Hokuyo_25.csv, Hokuyo_7.csv,0.929388,-0.142773,-0.340376,-11.805995,0.224703,0.950439,0.214878,-1.834008,0.292828,-0.27619,0.915409,-4.535493,0.0,0.0,0.0,1.0
Hokuyo_25.csv, Hokuyo_7.csv,0.814179,-0.547566,0.193092,-10.198462,0.475243,0.81954,0.320153,-5.392279,-0.333552,-0.168897,0.927479,4.465436,0.0,0.0,0.0,1.0
Hokuyo_25.csv, Hokuyo_7.csv,0.544445,-0.832251,0.104589,-5.893432,0.832065,0.520094,-0.192798,-9.120905,0.10606,0.191991,0.975649,-2.010178,0.0,0.0,0.0,1.0
Hokuyo_25.csv, Hokuyo_7.csv,0.151361,-0.023407,-0.988202,-2.181484,0.988201,-0.020102,0.151837,-11.440864,-0.023418,-0.999524,0.02009,0.146306,0.0,0.0,0.0,1.0
Hokuyo_25.csv, Hokuyo_7.csv,0.108466,-0.326731,0.938874,-1.689569,0.90055,0.43227,0.046393,-11.962552,-0.421006,0.840469,0.341123,6.013208,0.0,0.0,0.0,1.0
Hokuyo_25.csv, Hokuyo_7.csv,0.559562,0.089488,0.823944,-5.823815,-0.565695,0.767799,0.300787,7.00045,-0.605707,-0.634409,0.480255,5.961495,0.0,0.0,0.0,1.0
Hokuyo_25.csv, Hokuyo_7.csv,0.657411,-0.370828,0.655973,-9.020516,0.638089,-0.189092,-0.746383,-7.761105,0.400818,0.909248,0.112308,-6.161231,0.0,0.0,0.0,1.0
Hokuyo_25.csv, Hokuyo_7.csv,0.796152,-0.18132,0.577293,-10.430606,-0.163939,0.853731,0.494234,2.017787,-0.582467,-0.488126,0.649974,7.854962,0.0,0.0,0.0,1.0
Hokuyo_20.csv, Hokuyo_6.csv,0.963167,0.173335,0.205578,-9.297663,-0.250049,0.858544,0.447634,2.387381,-0.098908,-0.482552,0.870265,0.534804,0.0,0.0,0.0,1.0
Hokuyo_20.csv, Hokuyo_6.csv,0.91897,-0.35389,-0.173938,-8.674879,0.367812,0.928297,0.054571,-3.174294,0.142154,-0.114127,0.983243,-1.61824,0.0,0.0,0.0,1.0
Hokuyo_20.csv, Hokuyo_6.csv,0.991114,-0.04153,-0.126359,-9.230229,0.071525,0.967366,0.243077,-0.631753,0.11214,-0.249957,0.961741,-1.473851,0.0,0.0,0.0,1.0
Hokuyo_20.csv, Hokuyo_6.csv,0.941609,-0.066414,-0.33009,-8.740412,-0.031703,0.95851,-0.283292,0.777761,0.335209,0.277215,0.900436,-3.391959,0.0,0.0,0.0,1.0
Hokuyo_20.csv, Hokuyo_6.csv,0.997475,0.050984,-0.049413,-9.318454,-0.036863,0.966691,0.253276,0.551669,0.06068,-0.250817,0.966131,-0.952647,0.0,0.0,0.0,1.0
Hokuyo_20.csv, Hokuyo_6.csv,0.978109,0.076496,-0.19352,-9.1625,-0.114489,0.974398,-0.193499,1.468445,0.173764,0.211417,0.961825,-1.902448,0.0,0.0,0.0,1.0
Hokuyo_20.csv, Hokuyo_6.csv,0.991071,-0.072378,0.111967,-9.438946,0.038284,0.958938,0.281017,-0.106593,-0.127709,-0.274224,0.953148,0.899869,0.0,0.0,0.0,1.0
Hokuyo_20.csv, Hokuyo_6.csv,0.926635,0.0386,-0.373972,-8.655856,-0.310301,0.640144,-0.702801,3.604946,0.212268,0.767284,0.605157,-1.826081,0.0,0.0,0.0,1.0
Hokuyo_20.csv, Hokuyo_6.csv,0.878364,-0.086851,0.470034,-8.437134,0.345513,0.794874,-0.498796,-2.624504,-0.330296,0.600527,0.728197,3.239776,0.0,0.0,0.0,1.0
Hokuyo_20.csv, Hokuyo_6.csv,0.766534,-0.594411,0.243102,-8.28781,0.64198,0.699316,-0.314353,-6.812603,0.016849,0.397028,0.917651,-1.077138,0.0,0.0,0.0,1.0
Hokuyo_20.csv, Hokuyo_6.csv,0.657382,-0.138456,0.740728,-6.100072,0.327684,0.937696,-0.115543,-3.470359,-0.67858,0.31868,0.661794,5.820036,0.0,0.0,0.0,1.0
Hokuyo_20.csv, Hokuyo_6.csv,0.972752,0.202978,0.112036,-9.249917,-0.231666,0.86991,0.435414,2.372607,-0.009082,-0.449507,0.893232,0.960718,0.0,0.0,0.0,1.0
Hokuyo_20.csv, Hokuyo_6.csv,0.978675,-0.180164,-0.098661,-9.464134,0.173545,0.982185,-0.072074,-1.583018,0.109889,0.053414,0.992507,-1.098494,0.0,0.0,0.0,1.0
Hokuyo_20.csv, Hokuyo_6.csv,0.861227,0.26648,0.432752,-8.326566,-0.351532,0.927303,0.128575,3.026839,-0.36703,-0.262861,0.892297,1.622072,0.0,0.0,0.0,1.0
Hokuyo_20.csv, Hokuyo_6.csv,0.573383,-0.481786,0.662656,-6.790425,0.586232,0.806286,0.078957,-3.828231,-0.57233,0.343197,0.744749,5.140976,0.0,0.0,0.0,1.0
Hokuyo_20.csv, Hokuyo_6.csv,0.355104,0.337095,-0.871934,-2.71551,-0.524443,-0.700282,-0.484317,4.178996,-0.77386,0.629263,-0.071887,6.442494,0.0,0.0,0.0,1.0
Hokuyo_20.csv, Hokuyo_6.csv,0.991652,-0.043144,-0.121506,-8.171415,0.120865,0.639258,0.759434,-1.569785,0.044908,-0.767782,0.639137,-0.440441,0.0,0.0,0.0,1.0
Hokuyo_20.csv, Hokuyo_6.csv,0.880206,0.372801,0.293693,-7.591787,-0.423838,0.895917,0.133017,3.150245,-0.213536,-0.241563,0.946599,1.86127,0.0,0.0,0.0,1.0
Hokuyo_20.csv, Hokuyo_6.csv,0.920281,0.025878,-0.390399,-8.720148,0.21523,0.799784,0.560375,-0.985916,0.326736,-0.59973,0.730458,-1.082314,0.0,0.0,0.0,1.0
Hokuyo_20.csv, Hokuyo_6.csv,0.225946,0.187883,-0.955849,-0.22083,-0.305748,0.945318,0.113538,1.81278,0.924913,0.266597,0.271036,-9.875882,0.0,0.0,0.0,1.0
Hokuyo_20.csv, Hokuyo_4.csv,0.952619,0.28286,0.111832,-10.022133,-0.277886,0.958852,-0.058135,3.10328,-0.123675,0.024303,0.992025,1.009386,0.0,0.0,0.0,1.0
Hokuyo_20.csv, Hokuyo_4.csv,0.91597,-0.118991,0.383197,-9.830554,0.17356,0.978546,-0.111006,-1.351919,-0.361767,0.168185,0.916972,3.742467,0.0,0.0,0.0,1.0
Hokuyo_20.csv, Hokuyo_4.csv,0.986578,-0.040972,0.158064,-10.422494,0.082633,0.960183,-0.266869,-0.416337,-0.140837,0.276348,0.950681,1.358443,0.0,0.0,0.0,1.0
Hokuyo_20.csv, Hokuyo_4.csv,0.893673,0.289021,-0.343241,-9.272885,-0.277435,0.957101,0.083573,3.236422,0.352671,0.020539,0.935521,-3.928806,0.0,0.0,0.0,1.0
Hokuyo_20.csv, Hokuyo_4.csv,0.980913,-0.023103,-0.193068,-10.394989,0.023941,0.999711,0.002005,0.085064,0.192966,-0.00659,0.981183,-2.190721,0.0,0.0,0.0,1.0
Hokuyo_20.csv, Hokuyo_4.csv,0.998829,0.034464,-0.033942,-10.622898,-0.03318,0.998738,0.037668,0.839304,0.035198,-0.036499,0.998713,-0.655983,0.0,0.0,0.0,1.0
Hokuyo_20.csv, Hokuyo_4.csv,0.923461,0.380236,0.051376,-9.371115,-0.361303,0.816677,0.449996,2.9392,0.129147,-0.434117,0.891551,-1.541142,0.0,0.0,0.0,1.0
Hokuyo_20.csv, Hokuyo_4.csv,0.978196,-0.043568,-0.203063,-9.699348,0.018161,0.991946,-0.125347,0.015254,0.206888,0.118925,0.971109,-2.119163,0.0,0.0,0.0,1.0
Hokuyo_20.csv, Hokuyo_4.csv,0.67261,0.227029,-0.70431,-6.977015,-0.367765,0.928467,-0.05193,4.721916,0.64214,0.293948,0.70799,-5.399122,0.0,0.0,0.0,1.0
Hokuyo_20.csv, Hokuyo_4.csv,0.6028,0.44195,0.664312,-6.890865,-0.397698,0.888212,-0.230032,4.661665,-0.691713,-0.125534,0.711178,6.284799,0.0,0.0,0.0,1.0
Hokuyo_20.csv, Hokuyo_4.csv,0.958777,-0.141819,-0.246235,-10.221305,0.014031,0.889119,-0.457461,0.635075,0.28381,0.435147,0.854457,-3.370559,0.0,0.0,0.0,1.0
Hokuyo_20.csv, Hokuyo_4.csv,0.882593,0.220317,-0.415318,-8.47605,-0.174501,0.973809,0.14575,2.680672,0.436552,-0.056166,0.897924,-5.310942,0.0,0.0,0.0,1.0
Hokuyo_20.csv, Hokuyo_4.csv,0.944888,-0.226978,0.235939,-10.922965,0.276585,0.93902,-0.204305,-3.404972,-0.175179,0.258301,0.950048,1.135584,0.0,0.0,0.0,1.0
Hokuyo_20.csv, Hokuyo_4.csv,0.051832,-0.943632,-0.326909,-1.291954,0.963749,0.133057,-0.231267,-10.419736,0.261728,-0.303071,0.916321,-3.748102,0.0,0.0,0.0,1.0
Hokuyo_20.csv, Hokuyo_4.csv,0.991812,0.000741,0.127698,-11.654484,-0.097579,0.649442,0.754122,0.511973,-0.082374,-0.760409,0.644199,-2.067628,0.0,0.0,0.0,1.0
Hokuyo_20.csv, Hokuyo_4.csv,0.735626,0.295186,0.609687,-9.207432,-0.224348,0.955429,-0.191891,1.358116,-0.639157,0.004377,0.769063,7.938126,0.0,0.0,0.0,1.0
Hokuyo_20.csv, Hokuyo_4.csv,0.801155,-0.549002,-0.238213,-9.495373,0.551331,0.831902,-0.063033,-4.48706,0.232776,-0.080836,0.969164,-3.60788,0.0,0.0,0.0,1.0
Hokuyo_20.csv, Hokuyo_4.csv,0.974358,-0.213137,-0.0721,-10.19396,0.22208,0.859501,0.460366,-1.001064,-0.036152,-0.464574,0.884796,0.458698,0.0,0.0,0.0,1.0
Hokuyo_20.csv, Hokuyo_4.csv,0.684551,0.602744,0.409986,-6.747295,-0.724463,0.624933,0.290879,7.977712,-0.080888,-0.496141,0.864465,0.546272,0.0,0.0,0.0,1.0
Hokuyo_11.csv, Hokuyo_28.csv,0.926656,0.336125,0.168311,11.304121,-0.289815,0.923965,-0.249595,-3.854375,-0.239408,0.182508,0.953611,-2.787611,0.0,0.0,0.0,1.0
Hokuyo_11.csv, Hokuyo_28.csv,0.999605,-0.028065,0.001515,12.191509,0.027886,0.983609,-0.178149,0.074836,0.00351,0.17812,0.984003,0.395843,0.0,0.0,0.0,1.0
Hokuyo_11.csv, Hokuyo_28.csv,0.960721,-0.186485,-0.205521,11.894851,0.180566,0.982422,-0.047363,1.7737,0.210742,0.00839,0.977506,2.992578,0.0,0.0,0.0,1.0
Hokuyo_11.csv, Hokuyo_28.csv,0.997733,-0.065852,-0.013878,12.263453,0.067256,0.983037,0.17063,0.568398,0.002407,-0.171178,0.985238,0.410135,0.0,0.0,0.0,1.0
Hokuyo_11.csv, Hokuyo_28.csv,0.977182,0.084351,-0.194939,11.991499,-0.06451,0.992273,0.105985,-1.059805,0.202373,-0.090992,0.975072,2.968505,0.0,0.0,0.0,1.0
Hokuyo_11.csv, Hokuyo_28.csv,0.96918,-0.019429,0.245587,11.91843,0.028345,0.999059,-0.032823,-0.083627,-0.244718,0.038771,0.968819,-2.71483,0.0,0.0,0.0,1.0
Hokuyo_11.csv, Hokuyo_28.csv,0.915954,-0.04583,0.39866,11.730107,-0.138916,0.895816,0.422155,-1.411282,-0.376472,-0.442056,0.81416,-3.886713,0.0,0.0,0.0,1.0
Hokuyo_11.csv, Hokuyo_28.csv,0.987676,-0.05883,-0.145033,10.791543,0.120642,0.87651,0.46602,1.107988,0.099708,-0.477775,0.872806,2.139176,0.0,0.0,0.0,1.0
Hokuyo_11.csv, Hokuyo_28.csv,0.764476,0.371517,-0.526831,10.120255,-0.529088,0.828488,-0.183508,-7.117235,0.368297,0.419026,0.829924,5.059025,0.0,0.0,0.0,1.0
Hokuyo_11.csv, Hokuyo_28.csv,0.925773,-0.102554,0.363905,11.075808,0.129852,0.990206,-0.051289,0.864947,-0.35508,0.094734,0.930023,-3.827494,0.0,0.0,0.0,1.0
Hokuyo_11.csv, Hokuyo_28.csv,0.79949,-0.294266,-0.523663,10.015799,0.385601,0.919868,0.071797,4.321304,0.460575,-0.259327,0.848895,6.186,0.0,0.0,0.0,1.0
Hokuyo_11.csv, Hokuyo_28.csv,0.913766,-0.085659,0.397108,11.810131,-0.231538,0.693389,0.682349,-3.743562,-0.333799,-0.715453,0.613763,-3.854108,0.0,0.0,0.0,1.0
Hokuyo_11.csv, Hokuyo_28.csv,0.843257,-0.367179,-0.39255,10.284729,0.250861,0.91474,-0.316734,2.705701,0.47538,0.168611,0.863473,4.874905,0.0,0.0,0.0,1.0
Hokuyo_11.csv, Hokuyo_28.csv,0.684004,-0.141752,0.715574,9.317588,0.65658,0.547078,-0.519239,7.203387,-0.317871,0.824992,0.467273,-4.021134,0.0,0.0,0.0,1.0
Hokuyo_11.csv, Hokuyo_28.csv,0.446152,0.063364,0.892711,4.67164,-0.45762,0.873378,0.166712,-5.421437,-0.769111,-0.482903,0.418656,-9.736011,0.0,0.0,0.0,1.0
Hokuyo_11.csv, Hokuyo_28.csv,0.219225,-0.035799,-0.975017,2.139086,0.161917,0.986804,0.000172,-0.69582,0.962145,-0.157909,0.22213,13.219056,0.0,0.0,0.0,1.0
Hokuyo_11.csv, Hokuyo_28.csv,0.821647,0.481366,0.305259,10.390468,-0.289772,0.813933,-0.503534,-2.908539,-0.490844,0.32527,0.808251,-5.819206,0.0,0.0,0.0,1.0
Hokuyo_11.csv, Hokuyo_28.csv,0.458086,0.092721,-0.884059,5.713009,0.399591,0.866913,0.297975,4.903398,0.79403,-0.48976,0.360071,9.083164,0.0,0.0,0.0,1.0
Hokuyo_11.csv, Hokuyo_28.csv,0.995412,-0.064324,-0.070834,13.076044,0.03747,0.943241,-0.32999,-0.007096,0.088041,0.32582,0.941323,0.680333,0.0,0.0,0.0,1.0
Hokuyo_23.csv, Hokuyo_11.csv,0.902322,0.119861,0.41406,-7.906279,-0.056043,0.985031,-0.163012,1.06258,-0.427401,0.123886,0.895534,3.575301,0.0,0.0,0.0,1.0
Hokuyo_23.csv, Hokuyo_11.csv,0.96508,-0.160519,0.207008,-8.609714,0.190892,0.972124,-0.136138,-1.212494,-0.179385,0.170903,0.968821,1.350038,0.0,0.0,0.0,1.0
Hokuyo_23.csv, Hokuyo_11.csv,0.957593,-0.288099,0.003674,-8.415343,0.260491,0.871139,0.416245,-1.852633,-0.123121,-0.397635,0.909245,0.743355,0.0,0.0,0.0,1.0
Hokuyo_23.csv, Hokuyo_11.csv,0.955978,0.228451,-0.184161,-8.116166,-0.172,0.944733,0.279097,1.748919,0.237742,-0.235133,0.942439,-2.438021,0.0,0.0,0.0,1.0
Hokuyo_23.csv, Hokuyo_11.csv,0.945263,-0.14002,0.294737,-8.411111,0.088724,0.979512,0.180788,-0.245492,-0.314013,-0.14474,0.938321,2.648015,0.0,0.0,0.0,1.0
Hokuyo_23.csv, Hokuyo_11.csv,0.997514,0.038996,-0.058686,-8.524154,-0.039029,0.999237,0.000589,0.545407,0.058663,0.001704,0.998276,-0.836874,0.0,0.0,0.0,1.0
Hokuyo_23.csv, Hokuyo_11.csv,0.97078,-0.233711,-0.054446,-7.677989,0.205612,0.927082,-0.31343,-1.192676,0.123728,0.293079,0.948049,-0.466951,0.0,0.0,0.0,1.0
Hokuyo_23.csv, Hokuyo_11.csv,0.992564,0.101058,-0.067849,-8.373787,-0.121258,0.869522,-0.478776,1.542864,0.010611,0.483445,0.875311,0.160816,0.0,0.0,0.0,1.0
Hokuyo_23.csv, Hokuyo_11.csv,0.984198,-0.175406,-0.024195,-8.18857,0.176836,0.980672,0.083723,-1.205616,0.009041,-0.086677,0.996196,-0.27877,0.0,0.0,0.0,1.0
Hokuyo_23.csv, Hokuyo_11.csv,0.919467,0.301779,0.252009,-7.690764,-0.113656,0.817624,-0.564421,2.017681,-0.376381,0.490325,0.786079,2.956199,0.0,0.0,0.0,1.0
Hokuyo_23.csv, Hokuyo_11.csv,0.880206,0.033373,-0.473418,-6.963421,0.273944,0.778839,0.564238,-1.643559,0.387546,-0.626334,0.676396,-4.284181,0.0,0.0,0.0,1.0
Hokuyo_23.csv, Hokuyo_11.csv,0.80942,0.446555,0.381347,-7.171069,-0.327039,0.882167,-0.33886,2.6471,-0.487732,0.149566,0.860086,4.140461,0.0,0.0,0.0,1.0
Hokuyo_23.csv, Hokuyo_11.csv,0.55642,0.548246,0.624358,-5.129624,-0.814228,0.509545,0.278202,6.231877,-0.165616,-0.663166,0.729918,0.075764,0.0,0.0,0.0,1.0
Hokuyo_23.csv, Hokuyo_11.csv,0.212848,-0.879897,-0.424825,-2.477537,0.614709,-0.217373,0.758208,-4.433025,-0.759491,-0.422526,0.494614,5.637392,0.0,0.0,0.0,1.0
Hokuyo_23.csv, Hokuyo_11.csv,0.891513,0.158252,0.424451,-8.875933,0.158668,0.768547,-0.619805,-1.349273,-0.424297,0.619912,0.660062,6.199938,0.0,0.0,0.0,1.0
Hokuyo_23.csv, Hokuyo_11.csv,0.894199,0.362801,0.262266,-8.000733,-0.446494,0.680367,0.581158,5.42872,0.032407,-0.63677,0.770372,-0.303481,0.0,0.0,0.0,1.0
Hokuyo_23.csv, Hokuyo_11.csv,0.018839,0.819823,-0.572306,-0.382414,-0.681174,0.429532,0.592879,5.396578,0.731879,0.378671,0.566534,-5.270586,0.0,0.0,0.0,1.0
Hokuyo_23.csv, Hokuyo_11.csv,0.160196,0.953906,-0.253769,-1.69368,-0.717689,0.289066,0.633533,8.028892,0.677686,0.080638,0.730915,-6.401846,0.0,0.0,0.0,1.0
Hokuyo_23.csv, Hokuyo_11.csv,0.221808,-0.056564,-0.973449,-3.716835,0.430607,0.901379,0.045742,-2.606102,0.874859,-0.42932,0.224288,-8.74289,0.0,0.0,0.0,1.0
Hokuyo_21.csv, Hokuyo_8.csv,0.953694,-0.166916,-0.250213,-8.519031,0.103378,0.963111,-0.248453,-0.549644,0.282453,0.211082,0.935769,-2.669231,0.0,0.0,0.0,1.0
Hokuyo_21.csv, Hokuyo_8.csv,0.979027,0.049606,-0.197598,-8.612405,-0.043206,0.998396,0.036578,0.507406,0.199094,-0.027274,0.9796,-1.951625,0.0,0.0,0.0,1.0
Hokuyo_21.csv, Hokuyo_8.csv,0.913431,0.340497,0.222945,-8.21282,-0.329456,0.940231,-0.086169,3.147515,-0.238962,0.005259,0.971014,1.949906,0.0,0.0,0.0,1.0
Hokuyo_21.csv, Hokuyo_8.csv,0.971101,-0.086046,-0.222616,-8.529808,0.069138,0.994175,-0.08267,-0.490012,0.228432,0.06489,0.971393,-2.400729,0.0,0.0,0.0,1.0
Hokuyo_21.csv, Hokuyo_8.csv,0.995287,-0.01353,0.096023,-8.85113,0.027923,0.988265,-0.150175,-0.11734,-0.092866,0.152148,0.983984,0.856944,0.0,0.0,0.0,1.0
Hokuyo_21.csv, Hokuyo_8.csv,0.983973,-0.069574,-0.164189,-8.914879,0.052596,0.993019,-0.105578,-0.451875,0.170387,0.09525,0.980762,-1.715565,0.0,0.0,0.0,1.0
Hokuyo_21.csv, Hokuyo_8.csv,0.960209,-0.278744,-0.017326,-8.540109,0.278939,0.960256,0.010108,-2.284276,0.013818,-0.014538,0.999798,-0.171062,0.0,0.0,0.0,1.0
Hokuyo_21.csv, Hokuyo_8.csv,0.990094,0.072615,0.120169,-9.88067,-0.080991,0.994505,0.066337,0.348117,-0.114693,-0.075412,0.990534,-0.100906,0.0,0.0,0.0,1.0
Hokuyo_21.csv, Hokuyo_8.csv,0.663409,-0.69763,-0.270557,-7.301444,0.689192,0.428897,0.584003,-6.126666,-0.291378,-0.573899,0.765335,2.693423,0.0,0.0,0.0,1.0
Hokuyo_21.csv, Hokuyo_8.csv,0.871281,-0.404802,-0.2775,-7.696394,0.33302,0.902959,-0.271588,-4.158169,0.360508,0.144217,0.921538,-3.801417,0.0,0.0,0.0,1.0
Hokuyo_21.csv, Hokuyo_8.csv,0.948844,0.227531,-0.218915,-8.207736,-0.255357,0.960773,-0.108204,1.99853,0.185706,0.158572,0.969725,-1.595495,0.0,0.0,0.0,1.0
Hokuyo_21.csv, Hokuyo_8.csv,0.932519,-0.126792,-0.338131,-8.609847,0.208424,0.95361,0.217224,-0.82464,0.294901,-0.27304,0.915686,-3.445909,0.0,0.0,0.0,1.0
Hokuyo_21.csv, Hokuyo_8.csv,0.822581,-0.534429,0.194281,-7.421791,0.460806,0.826662,0.322933,-3.515078,-0.333192,-0.176112,0.926265,3.375674,0.0,0.0,0.0,1.0
Hokuyo_21.csv, Hokuyo_8.csv,0.557816,-0.823356,0.10453,-4.133955,0.823884,0.534103,-0.189602,-6.114361,0.100278,0.191884,0.976281,-1.475101,0.0,0.0,0.0,1.0
Hokuyo_21.csv, Hokuyo_8.csv,0.15436,-0.019055,-0.98783,-1.778904,0.98799,-0.004091,0.154462,-7.950894,-0.006983,-0.999811,0.018195,-0.135493,0.0,0.0,0.0,1.0
Hokuyo_21.csv, Hokuyo_8.csv,0.111336,-0.326658,0.938561,-1.25551,0.89317,0.446971,0.049611,-8.702704,-0.435718,0.832773,0.341526,4.745788,0.0,0.0,0.0,1.0
Hokuyo_21.csv, Hokuyo_8.csv,0.555811,0.097156,0.82561,-3.733972,-0.579081,0.757803,0.300668,5.20447,-0.596439,-0.645209,0.477457,3.764136,0.0,0.0,0.0,1.0
Hokuyo_21.csv, Hokuyo_8.csv,0.661685,-0.361168,0.657061,-6.700863,0.643108,-0.177147,-0.745005,-5.649944,0.385467,0.915521,0.115054,-4.553877,0.0,0.0,0.0,1.0
Hokuyo_21.csv, Hokuyo_8.csv,0.797491,-0.16925,0.579102,-7.594742,-0.179314,0.849984,0.495353,1.676333,-0.576068,-0.498881,0.647506,5.790337,0.0,0.0,0.0,1.0
Hokuyo_16.csv, Hokuyo_6.csv,0.960509,0.188354,0.2048,-6.272279,-0.262913,0.855335,0.446406,1.683003,-0.091091,-0.482621,0.87108,0.265397,0.0,0.0,0.0,1.0
Hokuyo_16.csv, Hokuyo_6.csv,0.924182,-0.340087,-0.173859,-5.840832,0.353614,0.933893,0.05291,-1.97788,0.144371,-0.110378,0.983348,-1.109867,0.0,0.0,0.0,1.0
Hokuyo_16.csv, Hokuyo_6.csv,0.991569,-0.026586,-0.126811,-6.152381,0.05686,0.968731,0.241509,-0.343234,0.116424,-0.246684,0.962077,-1.067322,0.0,0.0,0.0,1.0
Hokuyo_16.csv, Hokuyo_6.csv,0.94235,-0.052548,-0.330477,-5.832799,-0.046484,0.957462,-0.284792,0.706103,0.331383,0.283735,0.899822,-2.268429,0.0,0.0,0.0,1.0
Hokuyo_16.csv, Hokuyo_6.csv,0.996555,0.066136,-0.050015,-6.210629,-0.051501,0.966417,0.251766,0.503073,0.064986,-0.248323,0.966495,-0.70623,0.0,0.0,0.0,1.0
Hokuyo_16.csv, Hokuyo_6.csv,0.97673,0.09112,-0.194153,-6.124171,-0.129458,0.972226,-0.19498,1.146039,0.170993,0.215577,0.961399,-1.280932,0.0,0.0,0.0,1.0
Hokuyo_16.csv, Hokuyo_6.csv,0.992117,-0.057052,0.111564,-6.345554,0.023769,0.959857,0.27948,0.080641,-0.12303,-0.274626,0.953648,0.557027,0.0,0.0,0.0,1.0
Hokuyo_16.csv, Hokuyo_6.csv,0.925751,0.052155,-0.374517,-5.792865,-0.320394,0.63421,-0.703651,2.618876,0.200823,0.771399,0.603831,-1.082702,0.0,0.0,0.0,1.0
Hokuyo_16.csv, Hokuyo_6.csv,0.879823,-0.072676,0.469711,-5.669888,0.333081,0.799265,-0.500234,-1.544166,-0.339069,0.596569,0.727419,2.292729,0.0,0.0,0.0,1.0
Hokuyo_16.csv, Hokuyo_6.csv,0.775647,-0.582245,0.243642,-5.910699,0.631066,0.70854,-0.315795,-4.799685,0.011239,0.398699,0.917013,-0.938654,0.0,0.0,0.0,1.0
Hokuyo_16.csv, Hokuyo_6.csv,0.659789,-0.127219,0.740603,-4.00459,0.313263,0.942407,-0.117197,-2.410827,-0.68304,0.309329,0.661644,3.768691,0.0,0.0,0.0,1.0
Hokuyo_16.csv, Hokuyo_6.csv,0.969593,0.217991,0.111206,-6.199942,-0.244712,0.866961,0.434159,1.725206,-0.001769,-0.448171,0.893947,0.974573,0.0,0.0,0.0,1.0
Hokuyo_16.csv, Hokuyo_6.csv,0.981264,-0.16535,-0.098888,-6.429939,0.158483,0.984606,-0.073719,-0.998549,0.109554,0.056665,0.992364,-0.681693,0.0,0.0,0.0,1.0
Hokuyo_16.csv, Hokuyo_6.csv,0.857271,0.280293,0.43188,-5.597876,-0.365594,0.922029,0.127292,1.986545,-0.362527,-0.267017,0.892904,0.529503,0.0,0.0,0.0,1.0
Hokuyo_16.csv, Hokuyo_6.csv,0.581006,-0.471916,0.663118,-4.979432,0.573885,0.815272,0.077375,-1.955358,-0.577136,0.335598,0.744505,3.427988,0.0,0.0,0.0,1.0
Hokuyo_16.csv, Hokuyo_6.csv,0.349479,0.341092,-0.872652,-1.654953,-0.513925,-0.708981,-0.482935,2.474702,-0.783419,0.617253,-0.072478,4.056644,0.0,0.0,0.0,1.0
Hokuyo_16.csv, Hokuyo_6.csv,0.992135,-0.028184,-0.121956,-5.091618,0.111463,0.642236,0.758359,-1.106505,0.056951,-0.765989,0.640327,-0.292463,0.0,0.0,0.0,1.0
Hokuyo_16.csv, Hokuyo_6.csv,0.874554,0.38667,0.292643,-4.808705,-0.43741,0.889549,0.131821,1.883354,-0.209349,-0.243291,0.947092,1.252079,0.0,0.0,0.0,1.0
Hokuyo_16.csv, Hokuyo_6.csv,0.919584,0.039312,-0.39092,-5.878778,0.203266,0.803869,0.558996,-0.234922,0.336224,-0.593506,0.731235,-0.041016,0.0,0.0,0.0,1.0
Hokuyo_16.csv, Hokuyo_6.csv,0.222574,0.189791,-0.956264,0.423708,-0.320098,0.940717,0.112203,0.914991,0.920867,0.281125,0.27013,-6.960369,0.0,0.0,0.0,1.0
Hokuyo_32.csv, Hokuyo_24.csv,0.94465,0.309024,0.110184,-5.684746,-0.304138,0.950792,-0.059107,1.650927,-0.123027,0.022325,0.992153,0.546607,0.0,0.0,0.0,1.0
Hokuyo_32.csv, Hokuyo_24.csv,0.919376,-0.093291,0.382158,-5.560409,0.146531,0.982776,-0.112599,-0.740233,-0.365069,0.159519,0.917212,2.152456,0.0,0.0,0.0,1.0
Hokuyo_32.csv, Hokuyo_24.csv,0.987532,-0.013689,0.156823,-5.866729,0.055942,0.961705,-0.268316,-0.236213,-0.147144,0.273745,0.95048,0.767679,0.0,0.0,0.0,1.0
Hokuyo_32.csv, Hokuyo_24.csv,0.884976,0.312916,-0.34482,-5.25755,-0.303458,0.949257,0.082604,1.802096,0.353171,0.031538,0.935028,-2.209438,0.0,0.0,0.0,1.0
Hokuyo_32.csv, Hokuyo_24.csv,0.98093,0.003515,-0.194326,-5.907175,-0.003467,0.999994,0.00058,0.018326,0.194328,0.000106,0.980938,-1.19499,0.0,0.0,0.0,1.0
Hokuyo_32.csv, Hokuyo_24.csv,0.997465,0.06178,-0.035304,-6.045421,-0.060495,0.997507,0.036319,0.514332,0.037461,-0.03409,0.998717,-0.377608,0.0,0.0,0.0,1.0
Hokuyo_32.csv, Hokuyo_24.csv,0.912757,0.405478,0.049631,-5.191548,-0.382977,0.807112,0.449332,1.184999,0.142137,-0.429137,0.891986,-0.772751,0.0,0.0,0.0,1.0
Hokuyo_32.csv, Hokuyo_24.csv,0.978762,-0.017031,-0.204288,-5.221494,-0.009196,0.991892,-0.126754,-0.09072,0.204791,0.125942,0.97067,-1.082816,0.0,0.0,0.0,1.0
Hokuyo_32.csv, Hokuyo_24.csv,0.665234,0.24437,-0.705511,-4.005852,-0.393142,0.917963,-0.052741,2.862842,0.634746,0.312452,0.706735,-2.423816,0.0,0.0,0.0,1.0
Hokuyo_32.csv, Hokuyo_24.csv,0.591308,0.459258,0.662902,-4.127247,-0.422188,0.876648,-0.230747,2.652573,-0.687103,-0.143427,0.712262,3.208702,0.0,0.0,0.0,1.0
Hokuyo_32.csv, Hokuyo_24.csv,0.961989,-0.115839,-0.247299,-5.820013,-0.010929,0.888514,-0.458718,0.491665,0.272867,0.443987,0.853477,-2.049775,0.0,0.0,0.0,1.0
Hokuyo_32.csv, Hokuyo_24.csv,0.875691,0.24383,-0.416786,-4.507403,-0.200941,0.968868,0.144622,1.723002,0.439075,-0.042893,0.897427,-3.19691,0.0,0.0,0.0,1.0
Hokuyo_32.csv, Hokuyo_24.csv,0.951055,-0.200656,0.235012,-6.517157,0.250481,0.945956,-0.205978,-2.32343,-0.180979,0.254763,0.949917,0.390221,0.0,0.0,0.0,1.0
Hokuyo_32.csv, Hokuyo_24.csv,0.07726,-0.942325,-0.325661,-0.923008,0.959443,0.159091,-0.23272,-6.042603,0.271107,-0.294471,0.916399,-2.391265,0.0,0.0,0.0,1.0
Hokuyo_32.csv, Hokuyo_24.csv,0.991582,0.028109,0.126392,-7.085416,-0.114381,0.647604,0.753344,0.032149,-0.060677,-0.761459,0.645367,-2.240256,0.0,0.0,0.0,1.0
Hokuyo_32.csv, Hokuyo_24.csv,0.728037,0.316111,0.608307,-5.813843,-0.250697,0.948646,-0.192928,0.137488,-0.638054,-0.012042,0.769897,5.0868,0.0,0.0,0.0,1.0
Hokuyo_32.csv, Hokuyo_24.csv,0.815597,-0.527178,-0.238501,-5.745051,0.528241,0.846611,-0.064918,-2.109136,0.236142,-0.073038,0.96897,-2.417503,0.0,0.0,0.0,1.0
Hokuyo_32.csv, Hokuyo_24.csv,0.979741,-0.186454,-0.073084,-5.689266,0.199025,0.865924,0.458875,-0.082393,-0.022274,-0.464123,0.88549,0.472563,0.0,0.0,0.0,1.0
Hokuyo_32.csv, Hokuyo_24.csv,0.668296,0.621868,0.408244,-3.664756,-0.740948,0.605258,0.290961,4.571992,-0.066154,-0.496934,0.865263,0.35802,0.0,0.0,0.0,1.0
Hokuyo_1.csv, Hokuyo_18.csv,0.943187,0.283453,0.173359,9.973799,-0.235503,0.938367,-0.252997,-2.845526,-0.234389,0.197797,0.951809,-2.391726,0.0,0.0,0.0,1.0
Hokuyo_1.csv, Hokuyo_18.csv,0.996382,-0.084637,0.007658,10.556455,0.084633,0.98007,-0.179722,0.595261,0.007704,0.179721,0.983688,0.392793,0.0,0.0,0.0,1.0
Hokuyo_1.csv, Hokuyo_18.csv,0.949826,-0.241039,-0.19933,10.254836,0.236216,0.970515,-0.048005,2.033293,0.205023,-0.001488,0.978756,2.559889,0.0,0.0,0.0,1.0
Hokuyo_1.csv, Hokuyo_18.csv,0.992465,-0.122291,-0.007679,10.611886,0.121819,0.978009,0.169291,0.990481,-0.013194,-0.168951,0.985537,0.214109,0.0,0.0,0.0,1.0
Hokuyo_1.csv, Hokuyo_18.csv,0.981541,0.028452,-0.189128,10.474701,-0.008823,0.994557,0.103828,-0.412778,0.191052,-0.100242,0.976448,2.494232,0.0,0.0,0.0,1.0
Hokuyo_1.csv, Hokuyo_18.csv,0.965035,-0.073774,0.251524,10.313507,0.085097,0.995778,-0.034424,0.430395,-0.247924,0.054624,0.967239,-2.391933,0.0,0.0,0.0,1.0
Hokuyo_1.csv, Hokuyo_18.csv,0.909483,-0.096793,0.404316,10.181665,-0.090466,0.90314,0.419709,-0.728518,-0.40578,-0.418295,0.812634,-3.603136,0.0,0.0,0.0,1.0
Hokuyo_1.csv, Hokuyo_18.csv,0.983607,-0.114988,-0.138906,9.173059,0.167314,0.869256,0.465189,1.355227,0.067252,-0.480804,0.874245,1.625724,0.0,0.0,0.0,1.0
Hokuyo_1.csv, Hokuyo_18.csv,0.787438,0.326501,-0.52282,9.140628,-0.480192,0.856736,-0.188201,-5.780478,0.38647,0.39925,0.831408,4.614425,0.0,0.0,0.0,1.0
Hokuyo_1.csv, Hokuyo_18.csv,0.916281,-0.154057,0.369723,9.483262,0.186048,0.98115,-0.052255,1.211415,-0.354704,0.116667,0.927672,-3.290827,0.0,0.0,0.0,1.0
Hokuyo_1.csv, Hokuyo_18.csv,0.784655,-0.340189,-0.518257,8.608141,0.43666,0.8967,0.072513,4.202202,0.440052,-0.283199,0.852146,5.212052,0.0,0.0,0.0,1.0
Hokuyo_1.csv, Hokuyo_18.csv,0.905052,-0.136438,0.402822,10.24319,-0.195963,0.706836,0.679693,-3.049109,-0.377466,-0.694095,0.612987,-3.772327,0.0,0.0,0.0,1.0
Hokuyo_1.csv, Hokuyo_18.csv,0.823436,-0.415186,-0.386751,8.752669,0.304174,0.898389,-0.316822,2.840159,0.478991,0.143244,0.866054,4.114006,0.0,0.0,0.0,1.0
Hokuyo_1.csv, Hokuyo_18.csv,0.670578,-0.178751,0.71998,8.060313,0.689617,0.507907,-0.516198,6.495626,-0.273413,0.842662,0.463861,-3.092377,0.0,0.0,0.0,1.0
Hokuyo_1.csv, Hokuyo_18.csv,0.443673,0.039883,0.895301,3.896569,-0.408394,0.898249,0.162369,-4.209824,-0.797728,-0.437674,0.414817,-8.800322,0.0,0.0,0.0,1.0
Hokuyo_1.csv, Hokuyo_18.csv,0.222679,-0.050226,-0.973598,1.859749,0.21756,0.976047,-0.000593,-0.408242,0.950307,-0.211684,0.228271,11.550665,0.0,0.0,0.0,1.0
Hokuyo_1.csv, Hokuyo_18.csv,0.845756,0.434698,0.309407,9.297738,-0.240174,0.827971,-0.506735,-1.936138,-0.476458,0.354264,0.804665,-4.922193,0.0,0.0,0.0,1.0
Hokuyo_1.csv, Hokuyo_18.csv,0.467888,0.064751,-0.881413,5.109425,0.446273,0.843517,0.298865,4.709917,0.762838,-0.533186,0.365773,7.48864,0.0,0.0,0.0,1.0
Hokuyo_1.csv, Hokuyo_18.csv,0.990575,-0.120754,-0.064652,11.434681,0.092824,0.938902,-0.33143,0.490217,0.100721,0.322305,0.941263,0.626846,0.0,0.0,0.0,1.0
Hokuyo_11.csv, Hokuyo_1.csv,0.886649,0.221744,0.405813,-5.226609,-0.169147,0.972239,-0.161685,1.109972,-0.430398,0.074715,0.899541,2.405545,0.0,0.0,0.0,1.0
Hokuyo_11.csv, Hokuyo_1.csv,0.978947,-0.049735,0.197963,-5.820839,0.077894,0.98749,-0.137102,-0.446648,-0.188665,0.149634,0.970574,0.917764,0.0,0.0,0.0,1.0
Hokuyo_11.csv, Hokuyo_1.csv,0.984127,-0.177387,-0.005398,-5.687772,0.163634,0.895201,0.414533,-0.876432,-0.0687,-0.408837,0.910018,0.345114,0.0,0.0,0.0,1.0
Hokuyo_11.csv, Hokuyo_1.csv,0.922071,0.335588,-0.192788,-5.28833,-0.275672,0.919127,0.281442,1.473275,0.271647,-0.206364,0.940012,-1.746232,0.0,0.0,0.0,1.0
Hokuyo_11.csv, Hokuyo_1.csv,0.957743,-0.031601,0.285887,-5.670676,-0.021512,0.983292,0.180759,0.241353,-0.286821,-0.179272,0.94106,1.751242,0.0,0.0,0.0,1.0
