reference, reading, iT00, iT01, iT02, iT03, iT10, iT11, iT12, iT13, iT20, iT21, iT22, iT23, iT30, iT31, iT32, iT33
Hokuyo_29.csv, Hokuyo_16.csv,0.176943,-0.959624,0.218659,-4.937242,0.859111,0.258992,0.441421,-0.751048,-0.48023,0.109746,0.87025,1.299431,0.0,0.0,0.0,1.0
Hokuyo_29.csv, Hokuyo_16.csv,-0.35156,-0.922421,-0.159829,-3.374348,0.929596,-0.364157,0.056932,-3.502337,-0.11072,-0.128562,0.9855,-0.50271,0.0,0.0,0.0,1.0
Hokuyo_29.csv, Hokuyo_16.csv,-0.038834,-0.992926,-0.11219,-4.288896,0.968313,-0.065113,0.241104,-2.474819,-0.246706,-0.099272,0.963992,-0.195587,0.0,0.0,0.0,1.0
Hokuyo_29.csv, Hokuyo_16.csv,-0.064486,-0.946389,-0.316523,-4.016647,0.957549,0.030623,-0.286643,-1.634238,0.280968,-0.321571,0.904238,-2.244807,0.0,0.0,0.0,1.0
Hokuyo_29.csv, Hokuyo_16.csv,0.05393,-0.997914,-0.035445,-4.547302,0.967332,0.043407,0.24977,-1.820312,-0.247712,-0.047758,0.967656,0.075676,0.0,0.0,0.0,1.0
Hokuyo_29.csv, Hokuyo_16.csv,0.078947,-0.980513,-0.179889,-4.567909,0.973451,0.11472,-0.19808,-1.372512,0.214856,-0.159476,0.963537,-1.386345,0.0,0.0,0.0,1.0
Hokuyo_29.csv, Hokuyo_16.csv,-0.068964,-0.989603,0.126205,-4.389222,0.959896,-0.031363,0.278596,-2.087438,-0.271743,0.140356,0.952079,1.055375,0.0,0.0,0.0,1.0
Hokuyo_29.csv, Hokuyo_16.csv,0.040348,-0.931717,-0.360934,-4.25482,0.637056,0.302274,-0.709077,0.49415,0.769762,-0.201325,0.60575,-2.459695,0.0,0.0,0.0,1.0
Hokuyo_29.csv, Hokuyo_16.csv,-0.082707,-0.87188,0.482683,-3.851081,0.794435,-0.350107,-0.496284,-2.840978,0.601692,0.342415,0.721608,0.346869,0.0,0.0,0.0,1.0
Hokuyo_29.csv, Hokuyo_16.csv,-0.591294,-0.764831,0.255745,-3.115078,0.700355,-0.644224,-0.307372,-5.324265,0.399845,-0.002634,0.916578,-1.766582,0.0,0.0,0.0,1.0
Hokuyo_29.csv, Hokuyo_16.csv,-0.13418,-0.647245,0.750379,-2.437237,0.938356,-0.326414,-0.113761,-4.043778,0.318567,0.688858,0.651144,1.857398,0.0,0.0,0.0,1.0
Hokuyo_29.csv, Hokuyo_16.csv,0.206333,-0.970441,0.125173,-4.925535,0.870497,0.240473,0.429428,-0.703727,-0.446837,0.020356,0.894384,2.093645,0.0,0.0,0.0,1.0
Hokuyo_29.csv, Hokuyo_16.csv,-0.177423,-0.980521,-0.084246,-4.259594,0.982498,-0.171539,-0.072615,-3.008943,0.056748,-0.095656,0.993794,-0.526524,0.0,0.0,0.0,1.0
Hokuyo_29.csv, Hokuyo_16.csv,0.270456,-0.854191,0.444082,-4.645855,0.926592,0.356156,0.120749,-0.818521,-0.261307,0.378825,0.887812,0.566991,0.0,0.0,0.0,1.0
Hokuyo_29.csv, Hokuyo_16.csv,-0.478004,-0.565412,0.672176,-2.759906,0.808337,-0.582583,0.08478,-2.798671,0.343664,0.58387,0.735519,1.656357,0.0,0.0,0.0,1.0
Hokuyo_29.csv, Hokuyo_16.csv,0.335564,-0.366385,-0.867846,-1.88708,-0.703365,0.515384,-0.489547,3.144506,0.626639,0.774687,-0.084759,1.180251,0.0,0.0,0.0,1.0
Hokuyo_29.csv, Hokuyo_16.csv,-0.040432,-0.993401,-0.107325,-3.222953,0.641918,-0.108138,0.759109,-2.332437,-0.765708,-0.038202,0.642054,1.652105,0.0,0.0,0.0,1.0
Hokuyo_29.csv, Hokuyo_16.csv,0.376416,-0.874812,0.304981,-4.085089,0.894995,0.428422,0.124263,-0.976937,-0.239369,0.226181,0.944215,1.519059,0.0,0.0,0.0,1.0
Hokuyo_29.csv, Hokuyo_16.csv,0.027557,-0.925635,-0.37741,-4.323525,0.802136,-0.204822,0.560915,-1.687015,-0.596507,-0.318192,0.73684,2.02024,0.0,0.0,0.0,1.0
Hokuyo_29.csv, Hokuyo_16.csv,0.185699,-0.238886,-0.953125,0.304727,0.944703,0.310219,0.106307,-1.851761,0.270282,-0.920161,0.283283,-5.908191,0.0,0.0,0.0,1.0
Hokuyo_11.csv, Hokuyo_30.csv,-0.891569,-0.447279,0.071044,-4.98205,0.446846,-0.894321,-0.022748,-2.103677,0.07371,0.011464,0.997213,0.278032,0.0,0.0,0.0,1.0
Hokuyo_11.csv, Hokuyo_30.csv,-0.941375,-0.041772,0.334767,-3.543986,0.009534,-0.995203,-0.097368,-3.775348,0.337227,-0.088469,0.937256,0.975563,0.0,0.0,0.0,1.0
Hokuyo_11.csv, Hokuyo_30.csv,-0.98503,-0.134166,0.10824,-3.999753,0.103803,-0.962943,-0.248929,-3.372248,0.137626,-0.233968,0.962453,-0.391055,0.0,0.0,0.0,1.0
Hokuyo_11.csv, Hokuyo_30.csv,-0.808631,-0.448862,-0.380313,-4.692614,0.438643,-0.890789,0.118691,-1.941444,-0.392056,-0.070845,0.917209,-1.635217,0.0,0.0,0.0,1.0
Hokuyo_11.csv, Hokuyo_30.csv,-0.957825,-0.155416,-0.241694,-4.121669,0.15438,-0.987737,0.023335,-3.346709,-0.242358,-0.014963,0.970071,-0.805766,0.0,0.0,0.0,1.0
Hokuyo_11.csv, Hokuyo_30.csv,-0.973543,-0.213132,-0.08239,-4.419975,0.208461,-0.97608,0.061741,-2.946036,-0.093579,0.042932,0.994685,-0.161387,0.0,0.0,0.0,1.0
Hokuyo_11.csv, Hokuyo_30.csv,-0.842401,-0.538661,0.014307,-4.873447,0.476788,-0.732745,0.485548,-2.215275,-0.251063,0.415849,0.874091,0.959279,0.0,0.0,0.0,1.0
Hokuyo_11.csv, Hokuyo_30.csv,-0.958274,-0.13493,-0.252,-3.371293,0.165372,-0.980763,-0.10372,-3.443261,-0.233159,-0.141066,0.962151,-1.097333,0.0,0.0,0.0,1.0
Hokuyo_11.csv, Hokuyo_30.csv,-0.583472,-0.353126,-0.731341,-3.626606,0.529425,-0.84826,-0.012802,-0.94495,-0.615849,-0.394661,0.68189,-2.282858,0.0,0.0,0.0,1.0
Hokuyo_11.csv, Hokuyo_30.csv,-0.548543,-0.533802,0.64355,-4.560677,0.561032,-0.805677,-0.190072,-1.075717,0.619953,0.25679,0.741427,2.45043,0.0,0.0,0.0,1.0
Hokuyo_11.csv, Hokuyo_30.csv,-0.954419,-0.035375,-0.296364,-3.670201,0.168576,-0.883298,-0.437456,-2.527768,-0.246304,-0.467478,0.848998,-3.011186,0.0,0.0,0.0,1.0
Hokuyo_11.csv, Hokuyo_30.csv,-0.806189,-0.380251,-0.453284,-3.729869,0.337205,-0.924819,0.176074,-1.895862,-0.48616,-0.010901,0.873802,-2.215977,0.0,0.0,0.0,1.0
Hokuyo_11.csv, Hokuyo_30.csv,-0.981279,0.057321,0.183867,-4.086715,-0.093834,-0.976003,-0.196502,-5.046806,0.16819,-0.210076,0.963108,-0.766992,0.0,0.0,0.0,1.0
Hokuyo_11.csv, Hokuyo_30.csv,-0.201773,0.914671,-0.350235,2.373329,-0.911146,-0.306478,-0.275473,-4.820402,-0.359306,0.263532,0.895236,-0.873587,0.0,0.0,0.0,1.0
Hokuyo_11.csv, Hokuyo_30.csv,-0.98115,-0.176544,0.078599,-5.352379,0.171886,-0.61137,0.772451,-2.328502,-0.088319,0.771401,0.63019,0.226905,0.0,0.0,0.0,1.0
Hokuyo_11.csv, Hokuyo_30.csv,-0.702322,-0.413923,0.579147,-5.516869,0.400659,-0.902321,-0.159025,-3.516045,0.588401,0.120355,0.79956,3.97933,0.0,0.0,0.0,1.0
Hokuyo_11.csv, Hokuyo_30.csv,-0.872462,0.393515,-0.289748,-2.482569,-0.390303,-0.917915,-0.071403,-3.983468,-0.294064,0.050792,0.954434,-1.706117,0.0,0.0,0.0,1.0
Hokuyo_11.csv, Hokuyo_30.csv,-0.99158,0.03432,-0.12486,-3.26391,-0.089372,-0.879151,0.468089,-2.609721,-0.093706,0.475307,0.874814,2.019575,0.0,0.0,0.0,1.0
Hokuyo_11.csv, Hokuyo_30.csv,-0.586873,-0.71001,0.389186,-4.511156,0.807856,-0.481237,0.340263,1.186251,-0.0543,0.514098,0.85601,1.933882,0.0,0.0,0.0,1.0
Hokuyo_30.csv, Hokuyo_16.csv,0.135264,-0.976581,0.167309,-5.236333,0.970521,0.096595,-0.220815,-1.18964,0.199483,0.192245,0.960858,0.41124,0.0,0.0,0.0,1.0
Hokuyo_30.csv, Hokuyo_16.csv,-0.231114,-0.972872,-0.010259,-4.597289,0.962088,-0.226956,-0.151253,-2.796986,0.144821,-0.044828,0.988443,-0.503312,0.0,0.0,0.0,1.0
Hokuyo_30.csv, Hokuyo_16.csv,-0.37217,-0.901434,-0.221145,-3.757409,0.926004,-0.376858,-0.022236,-3.722288,-0.063297,-0.213058,0.974988,-0.972386,0.0,0.0,0.0,1.0
Hokuyo_30.csv, Hokuyo_16.csv,-0.267261,-0.963255,-0.026667,-4.392658,0.943311,-0.267179,0.196924,-3.105,-0.196813,0.027474,0.980057,0.407136,0.0,0.0,0.0,1.0
Hokuyo_30.csv, Hokuyo_16.csv,-0.110792,-0.972832,-0.203279,-4.62341,0.981079,-0.139733,0.134012,-2.508357,-0.158777,-0.184587,0.969906,-0.604524,0.0,0.0,0.0,1.0
Hokuyo_30.csv, Hokuyo_16.csv,-0.223602,-0.946106,0.234278,-4.476245,0.972866,-0.231305,-0.005569,-3.059948,0.059459,0.226675,0.972154,0.92882,0.0,0.0,0.0,1.0
Hokuyo_30.csv, Hokuyo_16.csv,-0.243073,-0.889404,0.387141,-3.76153,0.892597,-0.048851,0.448201,-1.488497,-0.379719,0.454505,0.805754,3.24934,0.0,0.0,0.0,1.0
Hokuyo_30.csv, Hokuyo_16.csv,-0.254506,-0.954165,-0.15746,-5.660322,0.819554,-0.299241,0.488658,-3.315733,-0.51338,-0.004682,0.858149,1.310669,0.0,0.0,0.0,1.0
Hokuyo_30.csv, Hokuyo_16.csv,0.223258,-0.821447,-0.524766,-3.496862,0.923891,0.349966,-0.154758,-0.203402,0.310775,-0.450275,0.837061,-2.536567,0.0,0.0,0.0,1.0
Hokuyo_30.csv, Hokuyo_16.csv,-0.299567,-0.88727,0.350729,-4.424994,0.944066,-0.328778,-0.025388,-3.793729,0.137838,0.323505,0.936134,1.552244,0.0,0.0,0.0,1.0
Hokuyo_30.csv, Hokuyo_16.csv,-0.435502,-0.719976,-0.540345,-2.519498,0.819542,-0.56544,0.092889,-4.522931,-0.372412,-0.402383,0.836301,-1.268258,0.0,0.0,0.0,1.0
Hokuyo_30.csv, Hokuyo_16.csv,-0.281558,-0.879132,0.384516,-3.543871,0.70576,0.08176,0.703718,-1.853547,-0.650099,0.469512,0.597436,3.329375,0.0,0.0,0.0,1.0
Hokuyo_30.csv, Hokuyo_16.csv,-0.519603,-0.748631,-0.411782,-2.8577,0.853329,-0.430485,-0.294129,-3.698326,0.042927,-0.504216,0.862511,-3.910585,0.0,0.0,0.0,1.0
Hokuyo_30.csv, Hokuyo_16.csv,-0.298963,-0.644403,0.703823,-2.14731,0.416817,-0.751658,-0.511149,-5.038342,0.85842,0.14055,0.493316,-0.92016,0.0,0.0,0.0,1.0
Hokuyo_30.csv, Hokuyo_16.csv,-0.054969,-0.454291,0.889156,-3.367999,0.943024,0.269043,0.195759,0.034631,-0.328153,0.849255,0.413618,4.282385,0.0,0.0,0.0,1.0
Hokuyo_30.csv, Hokuyo_16.csv,-0.051177,-0.202293,-0.977987,-1.079626,0.932701,-0.359739,0.025604,-5.907236,-0.357001,-0.910859,0.20709,-2.699519,0.0,0.0,0.0,1.0
Hokuyo_30.csv, Hokuyo_16.csv,0.294781,-0.904102,0.309358,-4.798636,0.87026,0.120299,-0.477678,0.133288,0.394654,0.410032,0.822266,1.31929,0.0,0.0,0.0,1.0
Hokuyo_30.csv, Hokuyo_16.csv,0.023281,-0.462807,-0.886153,-1.893501,0.758257,-0.569502,0.317354,-4.133815,-0.65154,-0.67932,0.337669,-3.220878,0.0,0.0,0.0,1.0
Hokuyo_30.csv, Hokuyo_16.csv,-0.263627,-0.961001,-0.083531,-3.522057,0.925072,-0.227325,-0.304245,-2.878565,0.273391,-0.15748,0.948925,-1.998734,0.0,0.0,0.0,1.0
Hokuyo_15.csv, Hokuyo_1.csv,-0.922895,-0.177077,0.341921,1.550415,0.140262,-0.981576,-0.12976,-3.762312,0.358598,-0.071795,0.930726,-1.125459,0.0,0.0,0.0,1.0
Hokuyo_15.csv, Hokuyo_1.csv,-0.988083,0.093176,0.122524,2.601604,-0.108344,-0.986401,-0.123603,-3.29993,0.109339,-0.135404,0.984738,-0.8305,0.0,0.0,0.0,1.0
Hokuyo_15.csv, Hokuyo_1.csv,-0.972772,0.216374,-0.083062,3.150919,-0.231108,-0.878504,0.418114,-2.491206,0.017499,0.425927,0.904589,1.53057,0.0,0.0,0.0,1.0
Hokuyo_15.csv, Hokuyo_1.csv,-0.918239,-0.302714,-0.255349,1.169821,0.215533,-0.922908,0.319041,-3.942722,-0.332243,0.237921,0.912693,1.584617,0.0,0.0,0.0,1.0
Hokuyo_15.csv, Hokuyo_1.csv,-0.974269,0.076172,0.21213,2.543017,-0.032847,-0.9791,0.200714,-3.312589,0.222984,0.188583,0.956407,0.322978,0.0,0.0,0.0,1.0
Hokuyo_15.csv, Hokuyo_1.csv,-0.983678,-0.114094,-0.139148,2.068741,0.110655,-0.993337,0.032233,-4.074642,-0.141899,0.016311,0.989746,0.281893,0.0,0.0,0.0,1.0
Hokuyo_15.csv, Hokuyo_1.csv,-0.97709,0.159871,-0.140495,3.773724,-0.111348,-0.946555,-0.302715,-3.019019,-0.181383,-0.280135,0.942669,0.106369,0.0,0.0,0.0,1.0
Hokuyo_15.csv, Hokuyo_1.csv,-0.973523,-0.175808,-0.146103,1.900319,0.223245,-0.868654,-0.442272,-3.657357,-0.049159,-0.463179,0.8849,-1.324594,0.0,0.0,0.0,1.0
Hokuyo_15.csv, Hokuyo_1.csv,-0.988766,0.101424,-0.109799,3.178148,-0.112197,-0.988958,0.096825,-3.372676,-0.098767,0.108057,0.989226,0.67377,0.0,0.0,0.0,1.0
Hokuyo_15.csv, Hokuyo_1.csv,-0.913252,-0.363349,0.184255,1.107165,0.219137,-0.819393,-0.529695,-2.924472,0.343442,-0.443367,0.827932,-2.786418,0.0,0.0,0.0,1.0
Hokuyo_15.csv, Hokuyo_1.csv,-0.832713,-0.109085,-0.542855,2.180456,-0.263533,-0.784164,0.561817,-1.675985,-0.486974,0.610893,0.624234,2.870851,0.0,0.0,0.0,1.0
Hokuyo_15.csv, Hokuyo_1.csv,-0.804307,-0.496642,0.32625,-0.107611,0.416942,-0.862882,-0.285651,-4.762352,0.423381,-0.093723,0.90109,-1.337986,0.0,0.0,0.0,1.0
Hokuyo_15.csv, Hokuyo_1.csv,-0.565916,-0.573843,0.591984,-1.109316,0.822583,-0.441465,0.358422,-4.575848,0.055662,0.689794,0.721864,1.430823,0.0,0.0,0.0,1.0
Hokuyo_15.csv, Hokuyo_1.csv,-0.239243,0.851977,-0.465723,3.311589,-0.690174,0.188161,0.698754,3.500226,0.682953,0.488603,0.542995,-0.55578,0.0,0.0,0.0,1.0
Hokuyo_15.csv, Hokuyo_1.csv,-0.910261,-0.214319,0.354253,0.307705,-0.050407,-0.791878,-0.608597,-3.167994,0.410959,-0.571837,0.710009,-0.667301,0.0,0.0,0.0,1.0
Hokuyo_15.csv, Hokuyo_1.csv,-0.884607,-0.422086,0.198282,0.272648,0.443988,-0.632234,0.634944,-1.97139,-0.142641,0.649712,0.746679,3.101726,0.0,0.0,0.0,1.0
Hokuyo_15.csv, Hokuyo_1.csv,0.088272,-0.831578,-0.548352,-3.905082,0.658196,-0.364502,0.658723,-3.481342,-0.747656,-0.419069,0.515163,1.330877,0.0,0.0,0.0,1.0
Hokuyo_15.csv, Hokuyo_1.csv,-0.069282,-0.968597,-0.238791,-4.09441,0.680969,-0.220842,0.698219,-0.633659,-0.729029,-0.114234,0.674884,0.946802,0.0,0.0,0.0,1.0
Hokuyo_15.csv, Hokuyo_1.csv,-0.142885,0.018161,-0.989572,-1.560283,-0.366935,-0.929554,0.035921,-1.714809,-0.919209,0.368242,0.139483,2.630803,0.0,0.0,0.0,1.0
Hokuyo_30.csv, Hokuyo_15.csv,-0.357202,-0.882509,-0.305912,-3.708748,0.933314,-0.324454,-0.153796,-3.507561,0.036472,-0.340448,0.939557,-2.069972,0.0,0.0,0.0,1.0
Hokuyo_30.csv, Hokuyo_15.csv,-0.159625,-0.959345,-0.232759,-4.447806,0.970798,-0.195323,0.139283,-3.2011,-0.179084,-0.203728,0.96251,-0.879107,0.0,0.0,0.0,1.0
Hokuyo_30.csv, Hokuyo_15.csv,0.091199,-0.971796,0.217473,-5.326924,0.994848,0.098619,0.023485,-1.641352,-0.044271,0.214211,0.975785,0.957159,0.0,0.0,0.0,1.0
Hokuyo_30.csv, Hokuyo_15.csv,-0.286128,-0.919061,-0.271028,-3.924588,0.953369,-0.301403,0.01558,-3.694573,-0.096008,-0.253932,0.962446,-1.523276,0.0,0.0,0.0,1.0
Hokuyo_30.csv, Hokuyo_15.csv,-0.256253,-0.965209,0.052009,-4.364554,0.964614,-0.258809,-0.050374,-3.490733,0.062081,0.03726,0.997376,-0.002154,0.0,0.0,0.0,1.0
Hokuyo_30.csv, Hokuyo_15.csv,-0.279555,-0.93647,-0.21183,-4.305056,0.958603,-0.284667,-0.006609,-3.7281,-0.054113,-0.204908,0.977285,-1.202637,0.0,0.0,0.0,1.0
Hokuyo_30.csv, Hokuyo_15.csv,-0.492016,-0.866325,-0.08603,-3.285165,0.861473,-0.498743,0.095495,-4.426894,-0.125637,-0.027127,0.991706,0.033758,0.0,0.0,0.0,1.0
Hokuyo_30.csv, Hokuyo_15.csv,-0.174421,-0.980999,0.084952,-5.718666,0.97265,-0.158209,0.170065,-3.512114,-0.153394,0.112291,0.981765,-0.254352,0.0,0.0,0.0,1.0
Hokuyo_30.csv, Hokuyo_15.csv,-0.799887,-0.47439,-0.367605,-1.914215,0.189923,-0.781131,0.594781,-4.517238,-0.569307,0.405939,0.714916,3.49009,0.0,0.0,0.0,1.0
Hokuyo_30.csv, Hokuyo_15.csv,-0.564818,-0.7456,-0.353639,-2.416848,0.823996,-0.53286,-0.192588,-5.884029,-0.044847,-0.400173,0.915342,-2.620328,0.0,0.0,0.0,1.0
Hokuyo_30.csv, Hokuyo_15.csv,0.021657,-0.971836,-0.234655,-4.806671,0.999755,0.022151,0.000531,-2.534968,0.004682,-0.234609,0.97208,-1.23862,0.0,0.0,0.0,1.0
Hokuyo_30.csv, Hokuyo_15.csv,-0.303953,-0.869945,-0.388341,-4.043356,0.849097,-0.432226,0.303668,-3.238624,-0.432026,-0.237437,0.870046,-1.086455,0.0,0.0,0.0,1.0
Hokuyo_30.csv, Hokuyo_15.csv,-0.729807,-0.675661,0.104226,-1.858601,0.655956,-0.649098,0.385218,-4.348451,-0.192625,0.349502,0.916922,2.598756,0.0,0.0,0.0,1.0
Hokuyo_30.csv, Hokuyo_15.csv,-0.937321,-0.348454,-0.003051,1.261028,0.343917,-0.923631,-0.169193,-4.347528,0.056137,-0.159637,0.98558,-1.615298,0.0,0.0,0.0,1.0
Hokuyo_30.csv, Hokuyo_15.csv,0.052549,-0.128475,-0.99032,-1.115632,-0.251759,-0.961361,0.111359,-3.524692,-0.966363,0.24347,-0.082863,3.359649,0.0,0.0,0.0,1.0
Hokuyo_30.csv, Hokuyo_15.csv,-0.44338,-0.046814,0.895112,0.478015,0.217599,-0.974382,0.056824,-6.298291,0.86952,0.219971,0.442208,-0.097855,0.0,0.0,0.0,1.0
Hokuyo_30.csv, Hokuyo_15.csv,-0.125597,-0.577078,0.806974,-1.526523,0.835041,0.377698,0.400064,-0.016761,-0.53566,0.724102,0.434448,3.427843,0.0,0.0,0.0,1.0
Hokuyo_30.csv, Hokuyo_15.csv,-0.574927,-0.568385,0.588556,-2.421992,-0.240823,-0.56991,-0.785626,-2.231581,0.781962,-0.593414,0.190776,-6.054975,0.0,0.0,0.0,1.0
Hokuyo_30.csv, Hokuyo_15.csv,-0.412808,-0.744455,0.524763,-3.395125,0.809511,-0.035805,0.586013,-2.072561,-0.417471,0.666711,0.617426,5.044537,0.0,0.0,0.0,1.0
Hokuyo_19.csv, Hokuyo_10.csv,0.090858,-0.975589,0.199934,-3.396966,0.866818,0.176313,0.466413,-0.829771,-0.490276,0.130929,0.861677,1.077347,0.0,0.0,0.0,1.0
Hokuyo_19.csv, Hokuyo_10.csv,-0.423391,-0.885959,-0.189255,-2.096559,0.894292,-0.442124,0.06905,-2.651961,-0.144849,-0.140014,0.979497,-0.234224,0.0,0.0,0.0,1.0
Hokuyo_19.csv, Hokuyo_10.csv,-0.118888,-0.983504,-0.136331,-2.801122,0.953384,-0.151429,0.261016,-2.047746,-0.277354,-0.098944,0.955659,-0.016414,0.0,0.0,0.0,1.0
Hokuyo_19.csv, Hokuyo_10.csv,-0.13562,-0.930583,-0.340036,-2.629961,0.963407,-0.043775,-0.264445,-1.413717,0.231203,-0.363457,0.902466,-1.569203,0.0,0.0,0.0,1.0
Hokuyo_19.csv, Hokuyo_10.csv,-0.028746,-0.997922,-0.057678,-3.014683,0.961259,-0.043423,0.272207,-1.557861,-0.274144,-0.047618,0.960509,0.176486,0.0,0.0,0.0,1.0
Hokuyo_19.csv, Hokuyo_10.csv,0.001119,-0.979575,-0.20108,-3.069707,0.984131,0.03676,-0.173597,-1.265469,0.177443,-0.197695,0.964071,-0.971736,0.0,0.0,0.0,1.0
Hokuyo_19.csv, Hokuyo_10.csv,-0.154387,-0.9828,0.101346,-2.889964,0.946912,-0.117907,0.299094,-1.710305,-0.282,0.142142,0.948827,0.860534,0.0,0.0,0.0,1.0
Hokuyo_19.csv, Hokuyo_10.csv,-0.028885,-0.923817,-0.381743,-2.862647,0.677018,0.262887,-0.687412,0.155182,0.735399,-0.278303,0.617848,-1.847387,0.0,0.0,0.0,1.0
Hokuyo_19.csv, Hokuyo_10.csv,-0.166861,-0.872049,0.460097,-2.496601,0.774184,-0.404847,-0.486557,-2.114287,0.61057,0.275013,0.74268,0.091383,0.0,0.0,0.0,1.0
Hokuyo_19.csv, Hokuyo_10.csv,-0.6591,-0.717776,0.224466,-2.106761,0.651336,-0.694021,-0.306751,-4.158441,0.375963,-0.055977,0.924943,-1.53829,0.0,0.0,0.0,1.0
Hokuyo_19.csv, Hokuyo_10.csv,-0.205851,-0.649704,0.731786,-1.411761,0.910296,-0.401581,-0.100471,-3.266716,0.359148,0.645461,0.674089,0.978454,0.0,0.0,0.0,1.0
Hokuyo_19.csv, Hokuyo_10.csv,0.121493,-0.98682,0.106896,-3.369798,0.876905,0.157165,0.454245,-0.752005,-0.465057,0.03855,0.884441,2.020717,0.0,0.0,0.0,1.0
Hokuyo_19.csv, Hokuyo_10.csv,-0.256592,-0.960103,-0.111198,-2.830851,0.966209,-0.251885,-0.054724,-2.449505,0.024533,-0.121483,0.992291,-0.25507,0.0,0.0,0.0,1.0
Hokuyo_19.csv, Hokuyo_10.csv,0.187375,-0.883269,0.429799,-3.212481,0.949906,0.274352,0.149696,-1.059068,-0.250137,0.38022,0.89043,0.005259,0.0,0.0,0.0,1.0
Hokuyo_19.csv, Hokuyo_10.csv,-0.53965,-0.537603,0.647889,-1.974678,0.75458,-0.650138,0.089049,-1.650415,0.373345,0.53694,0.756512,0.954293,0.0,0.0,0.0,1.0
Hokuyo_19.csv, Hokuyo_10.csv,0.32467,-0.374497,-0.868529,-1.318985,-0.645837,0.583095,-0.492846,2.08726,0.691003,0.72094,-0.05255,0.186537,0.0,0.0,0.0,1.0
Hokuyo_19.csv, Hokuyo_10.csv,-0.120637,-0.983947,-0.131516,-1.734425,0.612115,-0.17803,0.770469,-1.885187,-0.781513,0.012445,0.623765,1.541557,0.0,0.0,0.0,1.0
Hokuyo_19.csv, Hokuyo_10.csv,0.294572,-0.909718,0.292646,-2.602431,0.924378,0.348925,0.154202,-1.336995,-0.242391,0.225093,0.943705,1.202751,0.0,0.0,0.0,1.0
Hokuyo_19.csv, Hokuyo_10.csv,-0.040721,-0.916329,-0.398353,-2.946391,0.768442,-0.283541,0.573675,-1.064173,-0.638623,-0.282751,0.71569,2.399102,0.0,0.0,0.0,1.0
Hokuyo_19.csv, Hokuyo_10.csv,0.188079,-0.233048,-0.954104,0.622692,0.964462,0.227378,0.134584,-2.01828,0.185578,-0.94551,0.26753,-4.3919,0.0,0.0,0.0,1.0
Hokuyo_11.csv, Hokuyo_27.csv,-0.959708,-0.267127,0.087198,-3.321249,0.262257,-0.962912,-0.063409,-2.797373,0.100902,-0.037986,0.994171,0.093137,0.0,0.0,0.0,1.0
Hokuyo_11.csv, Hokuyo_27.csv,-0.922123,0.130839,0.364104,-1.85718,-0.188164,-0.97395,-0.126551,-3.663647,0.33806,-0.185207,0.92272,0.330681,0.0,0.0,0.0,1.0
Hokuyo_11.csv, Hokuyo_27.csv,-0.989011,0.056702,0.136537,-2.211204,-0.093448,-0.955406,-0.280119,-3.426987,0.114564,-0.289801,0.950205,-0.658942,0.0,0.0,0.0,1.0
Hokuyo_11.csv, Hokuyo_27.csv,-0.890667,-0.269067,-0.366491,-3.158417,0.258652,-0.962794,0.078265,-2.627937,-0.373915,-0.025086,0.927124,-0.965419,0.0,0.0,0.0,1.0
Hokuyo_11.csv, Hokuyo_27.csv,-0.97577,0.042802,-0.214572,-2.36185,-0.041517,-0.999083,-0.010498,-3.503397,-0.214825,-0.001335,0.976652,-0.415708,0.0,0.0,0.0,1.0
Hokuyo_11.csv, Hokuyo_27.csv,-0.998265,-0.016276,-0.056585,-2.632669,0.014797,-0.999541,0.026437,-3.203699,-0.056989,0.025554,0.998047,-0.048232,0.0,0.0,0.0,1.0
Hokuyo_11.csv, Hokuyo_27.csv,-0.930912,-0.3643,0.026244,-3.287105,0.336714,-0.828138,0.448119,-3.00885,-0.141516,0.425996,0.893588,1.316235,0.0,0.0,0.0,1.0
Hokuyo_11.csv, Hokuyo_27.csv,-0.97247,0.06333,-0.224257,-1.612694,-0.03274,-0.989949,-0.137588,-3.614219,-0.230717,-0.126458,0.964768,-0.707763,0.0,0.0,0.0,1.0
Hokuyo_11.csv, Hokuyo_27.csv,-0.660491,-0.206845,-0.72178,-2.49283,0.352492,-0.934206,-0.054841,-1.793887,-0.662949,-0.290644,0.689946,-1.157016,0.0,0.0,0.0,1.0
Hokuyo_11.csv, Hokuyo_27.csv,-0.62524,-0.438807,0.645386,-3.537002,0.387123,-0.892431,-0.231737,-1.978015,0.67765,0.104953,0.727856,1.26232,0.0,0.0,0.0,1.0
Hokuyo_11.csv, Hokuyo_27.csv,-0.950365,0.161713,-0.265807,-1.928715,-0.019344,-0.883373,-0.468272,-2.699759,-0.310533,-0.439888,0.842655,-2.551508,0.0,0.0,0.0,1.0
Hokuyo_11.csv, Hokuyo_27.csv,-0.876766,-0.199741,-0.437475,-2.204932,0.154068,-0.978385,0.13793,-2.397993,-0.455571,0.053531,0.888589,-1.381654,0.0,0.0,0.0,1.0
Hokuyo_11.csv, Hokuyo_27.csv,-0.945825,0.241023,0.217542,-2.332618,-0.288356,-0.931518,-0.221641,-4.74597,0.149223,-0.272363,0.950552,-1.093037,0.0,0.0,0.0,1.0
Hokuyo_11.csv, Hokuyo_27.csv,-0.027907,0.948128,-0.31666,2.641175,-0.960494,-0.113186,-0.254245,-3.12428,-0.276898,0.297055,0.913829,-0.303421,0.0,0.0,0.0,1.0
Hokuyo_11.csv, Hokuyo_27.csv,-0.994293,0.015443,0.105564,-3.564053,0.069196,-0.659766,0.748278,-2.601576,0.081203,0.751313,0.654932,0.25827,0.0,0.0,0.0,1.0
Hokuyo_11.csv, Hokuyo_27.csv,-0.754209,-0.289078,0.589578,-4.227401,0.211806,-0.956988,-0.198274,-4.118511,0.621536,-0.024663,0.782997,2.862203,0.0,0.0,0.0,1.0
Hokuyo_11.csv, Hokuyo_27.csv,-0.785843,0.565904,-0.249403,-0.942722,-0.564287,-0.821167,-0.085249,-3.161274,-0.253045,0.073742,0.96464,-1.230164,0.0,0.0,0.0,1.0
Hokuyo_11.csv, Hokuyo_27.csv,-0.968602,0.231276,-0.09122,-1.472735,-0.247417,-0.860683,0.444983,-2.362638,0.024402,0.453582,0.89088,2.085164,0.0,0.0,0.0,1.0
Hokuyo_11.csv, Hokuyo_27.csv,-0.704063,-0.595165,0.387395,-3.383496,0.706666,-0.641062,0.299435,-0.228654,0.070131,0.48458,0.87193,1.92449,0.0,0.0,0.0,1.0
Hokuyo_30.csv, Hokuyo_20.csv,0.731476,-0.657019,0.1824,-4.736079,0.681488,0.713351,-0.163417,0.843775,-0.022747,0.24384,0.96955,0.801186,0.0,0.0,0.0,1.0
Hokuyo_30.csv, Hokuyo_20.csv,0.461015,-0.887235,-0.01667,-4.875831,0.882884,0.460483,-0.092047,-0.710526,0.089344,0.027718,0.995617,-0.17745,0.0,0.0,0.0,1.0
Hokuyo_30.csv, Hokuyo_20.csv,0.318299,-0.918118,-0.236105,-4.352328,0.947035,0.319138,0.035718,-1.678526,0.042557,-0.234968,0.971072,-1.051103,0.0,0.0,0.0,1.0
Hokuyo_30.csv, Hokuyo_20.csv,0.428236,-0.902979,-0.035271,-4.750035,0.877559,0.406232,0.254689,-1.04633,-0.21565,-0.140019,0.966381,-0.006679,0.0,0.0,0.0,1.0
Hokuyo_30.csv, Hokuyo_20.csv,0.561572,-0.802346,-0.202187,-4.648816,0.826039,0.529475,0.193179,-0.397925,-0.047942,-0.275497,0.960106,-0.891786,0.0,0.0,0.0,1.0
Hokuyo_30.csv, Hokuyo_20.csv,0.437001,-0.87017,0.227673,-4.74239,0.88659,0.459389,0.054048,-0.948343,-0.151621,0.178234,0.972238,1.014694,0.0,0.0,0.0,1.0
Hokuyo_30.csv, Hokuyo_20.csv,0.377628,-0.844987,0.378676,-4.079813,0.684132,0.530197,0.500856,0.417657,-0.623988,0.069927,0.7783,2.353595,0.0,0.0,0.0,1.0
Hokuyo_30.csv, Hokuyo_20.csv,0.438476,-0.883441,-0.165138,-5.993872,0.790381,0.291576,0.538779,-1.509599,-0.427828,-0.366763,0.826105,0.231915,0.0,0.0,0.0,1.0
Hokuyo_30.csv, Hokuyo_20.csv,0.731271,-0.459197,-0.504364,-2.850328,0.477522,0.872661,-0.102158,1.676805,0.487049,-0.166139,0.857428,-1.772434,0.0,0.0,0.0,1.0
Hokuyo_30.csv, Hokuyo_20.csv,0.335356,-0.879003,0.338953,-4.863789,0.929453,0.367438,0.033285,-1.722166,-0.153801,0.303879,0.940216,1.782833,0.0,0.0,0.0,1.0
Hokuyo_30.csv, Hokuyo_20.csv,0.167907,-0.811396,-0.559863,-3.291008,0.983943,0.103064,0.145723,-2.662724,-0.060537,-0.57534,0.815672,-1.962152,0.0,0.0,0.0,1.0
Hokuyo_30.csv, Hokuyo_20.csv,0.341966,-0.862216,0.373689,-3.945957,0.444879,0.498819,0.743817,-0.369256,-0.827733,-0.088112,0.554161,1.855506,0.0,0.0,0.0,1.0
Hokuyo_30.csv, Hokuyo_20.csv,0.116628,-0.892203,-0.436318,-3.799987,0.940703,0.240143,-0.239604,-1.79946,0.318554,-0.3825,0.867306,-3.702049,0.0,0.0,0.0,1.0
Hokuyo_30.csv, Hokuyo_20.csv,0.159607,-0.706363,0.689621,-2.634257,0.831318,-0.28057,-0.479783,-3.996701,0.532388,0.649871,0.542431,0.872867,0.0,0.0,0.0,1.0
Hokuyo_30.csv, Hokuyo_20.csv,0.210637,-0.409407,0.887705,-3.37749,0.527305,0.812226,0.249476,1.976236,-0.823154,0.415542,0.386968,3.406506,0.0,0.0,0.0,1.0
Hokuyo_30.csv, Hokuyo_20.csv,0.142253,-0.154173,-0.977751,-1.153301,0.93853,0.334886,0.083742,-3.852554,0.314524,-0.929561,0.192334,-3.256235,0.0,0.0,0.0,1.0
Hokuyo_30.csv, Hokuyo_20.csv,0.797622,-0.502812,0.333136,-3.974787,0.603067,0.67444,-0.425959,1.946703,-0.010503,0.540658,0.841178,2.074196,0.0,0.0,0.0,1.0
Hokuyo_30.csv, Hokuyo_20.csv,0.364028,-0.305981,-0.879694,-1.751972,0.929062,0.052583,0.366169,-2.40048,-0.065783,-0.950584,0.303417,-4.450758,0.0,0.0,0.0,1.0
Hokuyo_30.csv, Hokuyo_20.csv,0.432351,-0.897017,-0.091833,-3.872757,0.86279,0.441138,-0.246964,-0.871894,0.262041,0.027543,0.964665,-1.37635,0.0,0.0,0.0,1.0
Hokuyo_11.csv, Hokuyo_0.csv,0.171943,-0.898089,0.404812,-3.150439,0.97991,0.113767,-0.163815,-3.626388,0.101066,0.424845,0.899606,0.67662,0.0,0.0,0.0,1.0
Hokuyo_11.csv, Hokuyo_0.csv,-0.104808,-0.974677,0.197532,-2.282962,0.981161,-0.133758,-0.139404,-4.410375,0.162295,0.179199,0.970333,-0.30904,0.0,0.0,0.0,1.0
Hokuyo_11.csv, Hokuyo_0.csv,-0.233006,-0.972459,-0.005539,-1.597609,0.885395,-0.214495,0.412393,-4.126138,-0.402224,0.091186,0.910989,1.908037,0.0,0.0,0.0,1.0
Hokuyo_11.csv, Hokuyo_0.csv,0.282241,-0.939509,-0.194068,-3.610528,0.933932,0.222833,0.279491,-3.373282,-0.21934,-0.26013,0.940331,0.105425,0.0,0.0,0.0,1.0
Hokuyo_11.csv, Hokuyo_0.csv,-0.085301,-0.954597,0.285427,-2.27743,0.983332,-0.034491,0.178521,-4.024157,-0.160571,0.295896,0.941627,1.596143,0.0,0.0,0.0,1.0
Hokuyo_11.csv, Hokuyo_0.csv,0.09571,-0.993032,-0.068752,-2.925529,0.995385,0.095965,-0.000413,-4.085091,0.007008,-0.068396,0.997633,-0.367082,0.0,0.0,0.0,1.0
Hokuyo_11.csv, Hokuyo_0.csv,-0.178069,-0.981944,-0.063864,-1.031598,0.936684,-0.14926,-0.316772,-4.131161,0.30152,-0.116229,0.946349,-0.911491,0.0,0.0,0.0,1.0
Hokuyo_11.csv, Hokuyo_0.csv,0.15737,-0.984459,-0.077951,-3.078657,0.860249,0.175423,-0.478746,-3.05823,0.484981,0.008282,0.874485,-1.788129,0.0,0.0,0.0,1.0
Hokuyo_11.csv, Hokuyo_0.csv,-0.119035,-0.992313,-0.03383,-1.717284,0.989325,-0.121424,0.080575,-4.492328,-0.084064,-0.023879,0.996174,0.292847,0.0,0.0,0.0,1.0
Hokuyo_11.csv, Hokuyo_0.csv,0.354224,-0.903214,0.242344,-3.659787,0.808702,0.165725,-0.564391,-2.322413,0.469603,0.395905,0.789133,-1.277202,0.0,0.0,0.0,1.0
Hokuyo_11.csv, Hokuyo_0.csv,0.082591,-0.872117,-0.482277,-2.076687,0.794303,-0.234663,0.560371,-3.411908,-0.601882,-0.429356,0.673344,0.814802,0.0,0.0,0.0,1.0
Hokuyo_11.csv, Hokuyo_0.csv,0.492742,-0.786379,0.372578,-4.397932,0.861412,0.380188,-0.33679,-3.182551,0.123194,0.486893,0.86473,0.774205,0.0,0.0,0.0,1.0
Hokuyo_11.csv, Hokuyo_0.csv,0.580315,-0.530419,0.617974,-4.236891,0.462822,0.839165,0.285651,-0.692631,-0.670098,0.120245,0.732468,2.139996,0.0,0.0,0.0,1.0
Hokuyo_11.csv, Hokuyo_0.csv,-0.867159,-0.258464,-0.425713,2.575439,-0.180471,-0.633619,0.7523,0.190536,-0.464184,0.729193,0.502803,3.168199,0.0,0.0,0.0,1.0
Hokuyo_11.csv, Hokuyo_0.csv,0.209675,-0.885211,0.415258,-4.350499,0.775128,-0.108391,-0.622438,-3.903096,0.595998,0.452387,0.663423,1.100405,0.0,0.0,0.0,1.0
Hokuyo_11.csv, Hokuyo_0.csv,0.413725,-0.874609,0.252769,-4.383696,0.654935,0.478781,0.584661,-0.076744,-0.632371,-0.076343,0.770895,2.79712,0.0,0.0,0.0,1.0
Hokuyo_11.csv, Hokuyo_0.csv,0.818439,0.033656,-0.573609,-3.965742,0.391146,0.69864,0.599088,-0.361126,0.420909,-0.714682,0.558628,-2.62192,0.0,0.0,0.0,1.0
Hokuyo_11.csv, Hokuyo_0.csv,0.960991,-0.102982,-0.256695,-5.005281,0.248906,0.726676,0.640302,2.684403,0.120594,-0.679218,0.723961,-2.730804,0.0,0.0,0.0,1.0
Hokuyo_11.csv, Hokuyo_0.csv,-0.045732,-0.214981,-0.975547,-2.31663,0.92456,-0.378915,0.040159,-4.078438,-0.378283,-0.900115,0.216092,-1.751573,0.0,0.0,0.0,1.0
Hokuyo_18.csv, Hokuyo_8.csv,-0.415848,-0.869749,-0.265721,-1.564547,0.900693,-0.353467,-0.252608,-2.95452,0.12578,-0.344379,0.930367,-1.308074,0.0,0.0,0.0,1.0
Hokuyo_18.csv, Hokuyo_8.csv,-0.214139,-0.953054,-0.21409,-2.170188,0.973387,-0.226512,0.034748,-2.964765,-0.081612,-0.200951,0.976196,-0.388648,0.0,0.0,0.0,1.0
Hokuyo_18.csv, Hokuyo_8.csv,0.082837,-0.974881,0.206749,-3.087278,0.994299,0.066878,-0.08304,-2.092654,0.067126,0.21245,0.974864,0.4431,0.0,0.0,0.0,1.0
Hokuyo_18.csv, Hokuyo_8.csv,-0.342656,-0.908651,-0.238626,-1.711834,0.93946,-0.331596,-0.086354,-3.203977,-0.000664,-0.253769,0.967264,-0.934226,0.0,0.0,0.0,1.0
Hokuyo_18.csv, Hokuyo_8.csv,-0.27992,-0.956737,0.079378,-2.058979,0.944947,-0.289175,-0.153144,-3.100265,0.169471,0.032142,0.985011,-0.127872,0.0,0.0,0.0,1.0
Hokuyo_18.csv, Hokuyo_8.csv,-0.330354,-0.926445,-0.180465,-2.054666,0.942825,-0.314966,-0.108979,-3.277121,0.044121,-0.206147,0.977526,-0.737539,0.0,0.0,0.0,1.0
Hokuyo_18.csv, Hokuyo_8.csv,-0.525805,-0.849978,-0.032691,-1.154297,0.850376,-0.526166,0.002984,-3.45789,-0.019738,-0.026229,0.999461,0.099943,0.0,0.0,0.0,1.0
Hokuyo_18.csv, Hokuyo_8.csv,-0.195582,-0.975223,0.103388,-3.395274,0.979703,-0.189572,0.065145,-3.363483,-0.043932,0.114031,0.992505,-0.506755,0.0,0.0,0.0,1.0
Hokuyo_18.csv, Hokuyo_8.csv,-0.84933,-0.447576,-0.279846,-0.621571,0.227356,-0.788633,0.571285,-2.753452,-0.476389,0.421584,0.77157,2.652191,0.0,0.0,0.0,1.0
Hokuyo_18.csv, Hokuyo_8.csv,-0.622896,-0.726162,-0.291016,-0.544514,0.781256,-0.558172,-0.279431,-4.81993,0.040474,-0.401413,0.915002,-1.700546,0.0,0.0,0.0,1.0
Hokuyo_18.csv, Hokuyo_8.csv,-0.034591,-0.971294,-0.235353,-2.540124,0.994281,-0.009634,-0.106366,-2.808527,0.101044,-0.237685,0.966072,-0.717206,0.0,0.0,0.0,1.0
Hokuyo_18.csv, Hokuyo_8.csv,-0.371339,-0.858625,-0.353374,-1.938191,0.862448,-0.459942,0.211268,-2.427166,-0.343933,-0.226314,0.911314,-0.458948,0.0,0.0,0.0,1.0
Hokuyo_18.csv, Hokuyo_8.csv,-0.735691,-0.652451,0.181844,-0.124192,0.672302,-0.670821,0.313061,-2.99062,-0.082272,0.352572,0.932162,1.803728,0.0,0.0,0.0,1.0
Hokuyo_18.csv, Hokuyo_8.csv,-0.942926,-0.318479,0.097276,2.28144,0.294194,-0.93356,-0.204734,-2.266529,0.156016,-0.164429,0.973972,-1.280412,0.0,0.0,0.0,1.0
Hokuyo_18.csv, Hokuyo_8.csv,-0.057715,-0.126975,-0.990225,-0.802905,-0.268989,-0.95322,0.137907,-1.230577,-0.961413,0.274317,0.020861,3.008676,0.0,0.0,0.0,1.0
Hokuyo_18.csv, Hokuyo_8.csv,-0.34645,-0.035506,0.937397,0.663049,0.191198,-0.980979,0.033507,-4.076632,0.918376,0.190839,0.346648,-0.814752,0.0,0.0,0.0,1.0
Hokuyo_18.csv, Hokuyo_8.csv,-0.057003,-0.575323,0.815938,-0.173708,0.884645,0.349714,0.308387,-1.092624,-0.462765,0.739395,0.489024,1.847857,0.0,0.0,0.0,1.0
Hokuyo_18.csv, Hokuyo_8.csv,-0.526593,-0.55167,0.646809,-0.984213,-0.341478,-0.559503,-0.755215,-0.829851,0.77852,-0.618561,0.106246,-4.850028,0.0,0.0,0.0,1.0
Hokuyo_18.csv, Hokuyo_8.csv,-0.377926,-0.732602,0.566098,-1.581288,0.865942,-0.06335,0.496116,-2.183514,-0.327592,0.677704,0.658333,3.5675,0.0,0.0,0.0,1.0
Hokuyo_17.csv, Hokuyo_10.csv,0.257005,-0.950743,0.173314,-2.348765,0.831301,0.308948,0.462053,-0.857872,-0.492838,0.025327,0.869752,0.76322,0.0,0.0,0.0,1.0
Hokuyo_17.csv, Hokuyo_10.csv,-0.270562,-0.939933,-0.208143,-1.230911,0.956961,-0.286165,0.04833,-1.983474,-0.10499,-0.186108,0.976903,-0.189857,0.0,0.0,0.0,1.0
Hokuyo_17.csv, Hokuyo_10.csv,0.046764,-0.985863,-0.160895,-1.766677,0.968936,0.00561,0.247253,-1.690881,-0.242856,-0.167458,0.955498,-0.043968,0.0,0.0,0.0,1.0
Hokuyo_17.csv, Hokuyo_10.csv,0.018404,-0.931624,-0.362959,-1.640718,0.953064,0.126075,-0.275274,-1.130651,0.302212,-0.340856,0.890216,-1.195757,0.0,0.0,0.0,1.0
Hokuyo_17.csv, Hokuyo_10.csv,0.139173,-0.986736,-0.083566,-1.950395,0.958639,0.113091,0.261195,-1.31548,-0.24828,-0.116461,0.961662,0.094443,0.0,0.0,0.0,1.0
Hokuyo_17.csv, Hokuyo_10.csv,0.163441,-0.960146,-0.226734,-2.007667,0.961216,0.206735,-0.182558,-1.070552,0.222156,-0.188101,0.956694,-0.792101,0.0,0.0,0.0,1.0
Hokuyo_17.csv, Hokuyo_10.csv,0.015092,-0.996912,0.077067,-1.881893,0.957452,0.036626,0.286262,-1.393546,-0.288201,0.069468,0.955046,0.574795,0.0,0.0,0.0,1.0
Hokuyo_17.csv, Hokuyo_10.csv,0.121855,-0.905912,-0.405556,-1.853536,0.612969,0.390057,-0.687113,0.077503,0.780654,-0.164864,0.602826,-1.430435,0.0,0.0,0.0,1.0
Hokuyo_17.csv, Hokuyo_10.csv,-0.010702,-0.898564,0.438711,-1.636318,0.824273,-0.256307,-0.504858,-1.471417,0.566093,0.356216,0.743405,-0.120328,0.0,0.0,0.0,1.0
Hokuyo_17.csv, Hokuyo_10.csv,-0.525263,-0.824052,0.212223,-1.50456,0.754575,-0.566343,-0.331469,-3.247503,0.393339,-0.013968,0.919287,-1.46256,0.0,0.0,0.0,1.0
Hokuyo_17.csv, Hokuyo_10.csv,-0.082711,-0.692639,0.716526,-0.818027,0.963446,-0.239416,-0.120222,-2.625379,0.254819,0.680392,0.687122,0.319397,0.0,0.0,0.0,1.0
Hokuyo_17.csv, Hokuyo_10.csv,0.287748,-0.954384,0.079707,-2.2958,0.844295,0.29208,0.449285,-0.756471,-0.452071,-0.061984,0.889826,1.809298,0.0,0.0,0.0,1.0
Hokuyo_17.csv, Hokuyo_10.csv,-0.092536,-0.986685,-0.133759,-1.854247,0.99396,-0.083574,-0.07113,-1.958967,0.059005,-0.139532,0.988457,-0.193365,0.0,0.0,0.0,1.0
Hokuyo_17.csv, Hokuyo_10.csv,0.339875,-0.849022,0.404532,-2.258294,0.892076,0.427243,0.147192,-1.149753,-0.297802,0.310847,0.902601,-0.523412,0.0,0.0,0.0,1.0
Hokuyo_17.csv, Hokuyo_10.csv,-0.431813,-0.636569,0.638996,-1.569586,0.854644,-0.51522,0.064278,-0.792529,0.288307,0.573872,0.766518,0.408287,0.0,0.0,0.0,1.0
Hokuyo_17.csv, Hokuyo_10.csv,0.37061,-0.293141,-0.881315,-0.781294,-0.741994,0.477297,-0.47078,1.355444,0.558655,0.828407,-0.040616,-0.424629,0.0,0.0,0.0,1.0
Hokuyo_17.csv, Hokuyo_10.csv,0.045185,-0.986712,-0.156075,-0.700257,0.644439,-0.090587,0.759271,-1.614448,-0.763321,-0.134888,0.631781,1.306214,0.0,0.0,0.0,1.0
Hokuyo_17.csv, Hokuyo_10.csv,0.448006,-0.853651,0.265651,-1.585693,0.854402,0.496297,0.153914,-1.513451,-0.263231,0.158019,0.951703,0.837651,0.0,0.0,0.0,1.0
Hokuyo_17.csv, Hokuyo_10.csv,0.108687,-0.900132,-0.421842,-1.946712,0.813465,-0.163373,0.558198,-0.630915,-0.57137,-0.403823,0.714467,2.504545,0.0,0.0,0.0,1.0
Hokuyo_17.csv, Hokuyo_10.csv,0.210895,-0.174784,-0.961755,0.98485,0.914127,0.383783,0.130706,-2.054369,0.34626,-0.906731,0.240712,-3.359559,0.0,0.0,0.0,1.0
Hokuyo_11.csv, Hokuyo_24.csv,-0.934002,-0.351756,0.062527,-1.698364,0.347844,-0.935261,-0.06551,-3.329323,0.081521,-0.039437,0.99589,-0.124598,0.0,0.0,0.0,1.0
Hokuyo_11.csv, Hokuyo_24.csv,-0.938028,0.045024,0.343624,-0.275704,-0.098298,-0.98537,-0.139222,-3.419693,0.332327,-0.164372,0.928729,-0.30458,0.0,0.0,0.0,1.0
Hokuyo_11.csv, Hokuyo_24.csv,-0.992963,-0.03232,0.113935,-0.511816,-0.002172,-0.95691,-0.290377,-3.337905,0.118409,-0.288582,0.950104,-0.920249,0.0,0.0,0.0,1.0
Hokuyo_11.csv, Hokuyo_24.csv,-0.85489,-0.342793,-0.389431,-1.635679,0.341063,-0.93696,0.076038,-3.159521,-0.390947,-0.067817,0.917911,-0.363069,0.0,0.0,0.0,1.0
Hokuyo_11.csv, Hokuyo_24.csv,-0.970662,-0.041283,-0.236875,-0.671959,0.047355,-0.998679,-0.020002,-3.518495,-0.235738,-0.030633,0.971334,-0.086806,0.0,0.0,0.0,1.0
Hokuyo_11.csv, Hokuyo_24.csv,-0.99138,-0.103784,-0.079966,-0.915761,0.102645,-0.994551,0.01823,-3.317163,-0.081424,0.009864,0.99663,0.010813,0.0,0.0,0.0,1.0
Hokuyo_11.csv, Hokuyo_24.csv,-0.895353,-0.445356,0.001432,-1.71966,0.398571,-0.799854,0.448748,-3.678154,-0.198708,0.402359,0.893657,1.559714,0.0,0.0,0.0,1.0
Hokuyo_11.csv, Hokuyo_24.csv,-0.968977,-0.020443,-0.246305,0.073709,0.05814,-0.987461,-0.14677,-3.638372,-0.240218,-0.156537,0.958014,-0.361936,0.0,0.0,0.0,1.0
Hokuyo_11.csv, Hokuyo_24.csv,-0.623208,-0.256729,-0.738715,-1.345701,0.434968,-0.898789,-0.054596,-2.478806,-0.649934,-0.355343,0.671802,-0.071144,0.0,0.0,0.0,1.0
Hokuyo_11.csv, Hokuyo_24.csv,-0.598264,-0.499117,0.626868,-2.527001,0.469727,-0.852251,-0.230274,-2.711538,0.649181,0.156693,0.744318,0.076582,0.0,0.0,0.0,1.0
Hokuyo_11.csv, Hokuyo_24.csv,-0.954743,0.079942,-0.286487,-0.270039,0.069469,-0.876628,-0.476129,-2.724039,-0.289206,-0.474484,0.8314,-2.090706,0.0,0.0,0.0,1.0
Hokuyo_11.csv, Hokuyo_24.csv,-0.845591,-0.271763,-0.459476,-0.697134,0.236957,-0.962357,0.133114,-2.753616,-0.478358,0.003684,0.878158,-0.630513,0.0,0.0,0.0,1.0
Hokuyo_11.csv, Hokuyo_24.csv,-0.968096,0.154227,0.197497,-0.694774,-0.199694,-0.950951,-0.236254,-4.322179,0.151372,-0.268155,0.951408,-1.41242,0.0,0.0,0.0,1.0
Hokuyo_11.csv, Hokuyo_24.csv,-0.104631,0.945253,-0.309109,2.784666,-0.940748,-0.194884,-0.277514,-1.47258,-0.322562,0.261756,0.909635,0.160728,0.0,0.0,0.0,1.0
Hokuyo_11.csv, Hokuyo_24.csv,-0.993874,-0.073555,0.082496,-1.857899,0.110524,-0.658952,0.74402,-2.808753,-0.000366,0.748581,0.663044,0.157033,0.0,0.0,0.0,1.0
Hokuyo_11.csv, Hokuyo_24.csv,-0.738698,-0.360782,0.569352,-2.980382,0.300108,-0.93239,-0.201457,-4.557664,0.60354,0.022051,0.797027,1.759378,0.0,0.0,0.0,1.0
Hokuyo_11.csv, Hokuyo_24.csv,-0.827065,0.496889,-0.262799,0.467624,-0.487304,-0.866851,-0.10539,-2.259189,-0.280176,0.040899,0.959076,-0.828536,0.0,0.0,0.0,1.0
Hokuyo_11.csv, Hokuyo_24.csv,-0.982982,0.145773,-0.111784,0.216143,-0.180165,-0.88383,0.431724,-2.030539,-0.035865,0.444518,0.895051,2.045945,0.0,0.0,0.0,1.0
Hokuyo_11.csv, Hokuyo_24.csv,-0.657119,-0.659089,0.365784,-2.240966,0.753751,-0.579272,0.310329,-1.511497,0.007353,0.479633,0.877438,1.810142,0.0,0.0,0.0,1.0
Hokuyo_28.csv, Hokuyo_20.csv,0.831366,-0.515644,0.207229,-3.421424,0.552078,0.808996,-0.20183,1.132423,-0.063574,0.282202,0.957247,0.753625,0.0,0.0,0.0,1.0
Hokuyo_28.csv, Hokuyo_20.csv,0.603441,-0.797125,0.021229,-3.749806,0.793055,0.597156,-0.120286,-0.008638,0.083207,0.089422,0.992514,0.053451,0.0,0.0,0.0,1.0
Hokuyo_28.csv, Hokuyo_20.csv,0.467983,-0.861863,-0.195412,-3.403247,0.88,0.474783,0.013443,-0.788917,0.081193,-0.178254,0.98063,-0.702192,0.0,0.0,0.0,1.0
Hokuyo_28.csv, Hokuyo_20.csv,0.573774,-0.819006,0.003639,-3.654202,0.79684,0.55926,0.228637,-0.263497,-0.189289,-0.128286,0.973506,-0.021391,0.0,0.0,0.0,1.0
Hokuyo_28.csv, Hokuyo_20.csv,0.688357,-0.705454,-0.168823,-3.490212,0.725372,0.669063,0.161837,0.233659,-0.001214,-0.23386,0.97227,-0.622277,0.0,0.0,0.0,1.0
Hokuyo_28.csv, Hokuyo_20.csv,0.576849,-0.772779,0.264687,-3.619834,0.796861,0.603617,0.025668,-0.220019,-0.179604,0.196113,0.963994,0.862026,0.0,0.0,0.0,1.0
Hokuyo_28.csv, Hokuyo_20.csv,0.514058,-0.750789,0.414804,-3.02083,0.585292,0.660542,0.470233,0.929304,-0.627039,0.001055,0.778988,1.697341,0.0,0.0,0.0,1.0
Hokuyo_28.csv, Hokuyo_20.csv,0.580616,-0.804199,-0.127075,-4.918273,0.730089,0.445189,0.518438,-0.709465,-0.360354,-0.393789,0.845621,0.102438,0.0,0.0,0.0,1.0
Hokuyo_28.csv, Hokuyo_20.csv,0.798098,-0.353402,-0.488004,-1.768961,0.324246,0.93456,-0.146504,1.631295,0.507844,-0.041309,0.860459,-0.970893,0.0,0.0,0.0,1.0
Hokuyo_28.csv, Hokuyo_20.csv,0.478106,-0.793256,0.377042,-3.836866,0.854558,0.519279,0.008892,-0.885633,-0.202842,0.317953,0.926155,1.538834,0.0,0.0,0.0,1.0
Hokuyo_28.csv, Hokuyo_20.csv,0.301877,-0.797328,-0.522629,-2.635175,0.952639,0.273415,0.133132,-1.569557,0.036745,-0.538065,0.842103,-1.52768,0.0,0.0,0.0,1.0
Hokuyo_28.csv, Hokuyo_20.csv,0.481796,-0.773972,0.410903,-2.917519,0.354652,0.601021,0.716238,-0.078404,-0.801308,-0.199352,0.564059,1.035985,0.0,0.0,0.0,1.0
Hokuyo_28.csv, Hokuyo_20.csv,0.264867,-0.879648,-0.395051,-3.131412,0.887081,0.382898,-0.257832,-0.904647,0.378066,-0.28215,0.881737,-2.949577,0.0,0.0,0.0,1.0
Hokuyo_28.csv, Hokuyo_20.csv,0.27579,-0.63613,0.720611,-1.875299,0.866728,-0.159566,-0.47257,-2.915314,0.4156,0.754902,0.507345,1.134555,0.0,0.0,0.0,1.0
Hokuyo_28.csv, Hokuyo_20.csv,0.276194,-0.32578,0.904205,-2.729139,0.383394,0.900049,0.207173,2.080423,-0.881321,0.289446,0.37349,2.230631,0.0,0.0,0.0,1.0
Hokuyo_28.csv, Hokuyo_20.csv,0.16633,-0.174252,-0.970553,-1.02841,0.868962,0.491137,0.060743,-2.976312,0.46609,-0.853476,0.23311,-2.2411,0.0,0.0,0.0,1.0
Hokuyo_28.csv, Hokuyo_20.csv,0.870649,-0.345565,0.350081,-2.664589,0.48136,0.745096,-0.461654,2.132011,-0.101312,0.570453,0.815058,1.82332,0.0,0.0,0.0,1.0
Hokuyo_28.csv, Hokuyo_20.csv,0.410425,-0.281898,-0.867229,-1.253955,0.906965,0.22494,0.356114,-1.304852,0.094687,-0.932703,0.347992,-3.846215,0.0,0.0,0.0,1.0
Hokuyo_28.csv, Hokuyo_20.csv,0.576842,-0.815123,-0.053171,-2.78443,0.776529,0.5674,-0.273969,-0.203048,0.253488,0.116748,0.960269,-0.949637,0.0,0.0,0.0,1.0
Hokuyo_9.csv, Hokuyo_2.csv,0.178172,-0.89419,0.410701,-1.90654,0.981258,0.130324,-0.141947,-2.501852,0.073403,0.428294,0.900652,0.382521,0.0,0.0,0.0,1.0
Hokuyo_9.csv, Hokuyo_2.csv,-0.092469,-0.975948,0.197415,-1.32101,0.986214,-0.117094,-0.11693,-3.007115,0.137234,0.183881,0.973321,-0.246834,0.0,0.0,0.0,1.0
