reference, reading, iT00, iT01, iT02, iT03, iT10, iT11, iT12, iT13, iT20, iT21, iT22, iT23, iT30, iT31, iT32, iT33
Hokuyo_10.csv, Hokuyo_19.csv,0.759597,0.100218,0.642628,2.806398,-0.359988,0.887691,0.287075,-0.967687,-0.541684,-0.449399,0.710365,-0.216377,0.0,0.0,0.0,1.0
Hokuyo_10.csv, Hokuyo_19.csv,0.857432,-0.431701,0.280078,2.968664,0.373882,0.896588,0.237362,1.077971,-0.353583,-0.098807,0.93017,0.543962,0.0,0.0,0.0,1.0
Hokuyo_10.csv, Hokuyo_19.csv,0.924142,-0.125044,0.361005,3.204929,0.028048,0.964576,0.26231,-0.057923,-0.381016,-0.232287,0.894912,0.360917,0.0,0.0,0.0,1.0
Hokuyo_10.csv, Hokuyo_19.csv,0.975782,-0.151302,0.157978,3.015062,0.187716,0.94997,-0.249639,-0.117588,-0.112302,0.273247,0.955366,1.005332,0.0,0.0,0.0,1.0
Hokuyo_10.csv, Hokuyo_19.csv,0.900823,-0.031316,0.433055,3.183432,-0.071731,0.972956,0.219571,-0.233426,-0.428218,-0.228859,0.874216,0.237016,0.0,0.0,0.0,1.0
Hokuyo_10.csv, Hokuyo_19.csv,0.954668,-0.008201,0.297558,3.037256,0.073819,0.974918,-0.209969,-0.444428,-0.288371,0.222415,0.931329,0.513309,0.0,0.0,0.0,1.0
Hokuyo_10.csv, Hokuyo_19.csv,0.807977,-0.149374,0.569966,3.087945,-0.019829,0.95989,0.279672,0.065502,-0.588879,-0.237271,0.772607,-0.273292,0.0,0.0,0.0,1.0
Hokuyo_10.csv, Hokuyo_19.csv,0.992401,-0.046638,0.113855,2.852669,0.116997,0.644058,-0.755977,-0.798691,-0.038071,0.763553,0.644621,0.721604,0.0,0.0,0.0,1.0
Hokuyo_10.csv, Hokuyo_19.csv,0.537538,-0.145045,0.830672,2.79809,0.606781,0.75059,-0.261594,1.21932,-0.585551,0.644652,0.491481,-0.922405,0.0,0.0,0.0,1.0
Hokuyo_10.csv, Hokuyo_19.csv,0.505142,-0.647794,0.570258,1.679179,0.770359,0.636325,0.040449,0.859764,-0.389071,0.418871,0.820469,-0.726681,0.0,0.0,0.0,1.0
Hokuyo_10.csv, Hokuyo_19.csv,0.21084,-0.171291,0.962397,2.468823,0.420593,0.904632,0.068867,0.216886,-0.88241,0.390257,0.262775,-2.624327,0.0,0.0,0.0,1.0
Hokuyo_10.csv, Hokuyo_19.csv,0.815037,0.126464,0.565439,2.93106,-0.337123,0.897198,0.285275,-0.760199,-0.471233,-0.423132,0.773885,1.332548,0.0,0.0,0.0,1.0
Hokuyo_10.csv, Hokuyo_19.csv,0.888417,-0.261422,0.377325,2.882088,0.268717,0.962611,0.034226,0.162248,-0.372163,0.070986,0.925448,0.590813,0.0,0.0,0.0,1.0
Hokuyo_10.csv, Hokuyo_19.csv,0.569976,0.207384,0.79506,2.532431,-0.291034,0.955847,-0.040683,-1.739073,-0.768392,-0.208202,0.605166,-2.584724,0.0,0.0,0.0,1.0
Hokuyo_10.csv, Hokuyo_19.csv,0.14568,-0.508664,0.848551,0.840682,0.543181,0.757987,0.361123,3.229257,-0.82688,0.408308,0.386719,-1.950361,0.0,0.0,0.0,1.0
Hokuyo_10.csv, Hokuyo_19.csv,0.754488,0.283678,-0.591839,1.316966,-0.287088,-0.668265,-0.686296,-2.281122,-0.590193,0.687712,-0.422759,-3.574247,0.0,0.0,0.0,1.0
Hokuyo_10.csv, Hokuyo_19.csv,0.922166,-0.126566,0.365502,4.272802,-0.202317,0.647541,0.734682,-0.066072,-0.329662,-0.751447,0.571534,0.659233,0.0,0.0,0.0,1.0
Hokuyo_10.csv, Hokuyo_19.csv,0.661763,0.308044,0.683506,3.414878,-0.359069,0.93055,-0.071736,-2.510003,-0.658132,-0.197955,0.726412,-0.406755,0.0,0.0,0.0,1.0
Hokuyo_10.csv, Hokuyo_19.csv,0.993598,-0.059239,0.096196,2.708375,-0.011414,0.794492,0.607168,1.57046,-0.112394,-0.604379,0.788729,3.520167,0.0,0.0,0.0,1.0
Hokuyo_10.csv, Hokuyo_19.csv,0.668892,0.143216,-0.729431,2.222677,-0.242287,0.969683,-0.031791,-2.390126,0.702765,0.197997,0.683315,1.729882,0.0,0.0,0.0,1.0
Hokuyo_30.csv, Hokuyo_24.csv,-0.013488,0.998811,-0.046841,-2.419888,-0.983701,-0.021655,-0.178505,1.497333,-0.179306,0.043668,0.982823,-0.098938,0.0,0.0,0.0,1.0
Hokuyo_30.csv, Hokuyo_24.csv,0.325312,0.900711,0.287909,-2.791925,-0.86836,0.405082,-0.286111,0.594618,-0.374329,-0.156934,0.913919,0.866653,0.0,0.0,0.0,1.0
Hokuyo_30.csv, Hokuyo_24.csv,0.298556,0.953259,0.046496,-2.750691,-0.857548,0.289326,-0.425328,0.832247,-0.418901,0.08711,0.903843,0.269357,0.0,0.0,0.0,1.0
Hokuyo_30.csv, Hokuyo_24.csv,0.019596,0.873189,-0.486987,-2.05735,-0.999224,0.00046,-0.039384,1.610884,-0.034165,0.48738,0.87252,-1.302917,0.0,0.0,0.0,1.0
Hokuyo_30.csv, Hokuyo_24.csv,0.322862,0.897686,-0.299865,-2.702338,-0.944601,0.285853,-0.161302,0.855502,-0.05908,0.33533,0.940246,-0.83754,0.0,0.0,0.0,1.0
Hokuyo_30.csv, Hokuyo_24.csv,0.253712,0.954742,-0.155231,-2.781268,-0.964181,0.236785,-0.119533,1.156613,-0.077366,0.179997,0.980619,-0.55759,0.0,0.0,0.0,1.0
Hokuyo_30.csv, Hokuyo_24.csv,-0.106986,0.987194,-0.118328,-1.930789,-0.934109,-0.059033,0.352073,0.518275,0.34058,0.148197,0.928463,-0.922884,0.0,0.0,0.0,1.0
Hokuyo_30.csv, Hokuyo_24.csv,0.342785,0.888159,-0.306059,-2.038343,-0.923286,0.258406,-0.284203,0.755784,-0.173329,0.379999,0.908601,-0.582218,0.0,0.0,0.0,1.0
Hokuyo_30.csv, Hokuyo_24.csv,0.060207,0.589994,-0.80516,-1.471257,-0.980958,-0.114245,-0.157068,2.393937,-0.184654,0.799284,0.57188,-0.312992,0.0,0.0,0.0,1.0
Hokuyo_30.csv, Hokuyo_24.csv,-0.331246,0.7939,0.509898,-2.019403,-0.929358,-0.181158,-0.321679,2.103724,-0.163008,-0.580433,0.797825,0.687717,0.0,0.0,0.0,1.0
Hokuyo_30.csv, Hokuyo_24.csv,0.436048,0.837101,-0.330339,-2.76286,-0.78604,0.175547,-0.592728,1.335074,-0.438183,0.518116,0.734541,-1.028946,0.0,0.0,0.0,1.0
Hokuyo_30.csv, Hokuyo_24.csv,0.090637,0.833319,-0.545311,-1.376078,-0.99362,0.112572,0.006876,1.86069,0.067118,0.541208,0.838206,-2.067551,0.0,0.0,0.0,1.0
Hokuyo_30.csv, Hokuyo_24.csv,0.454221,0.876849,0.157541,-3.698097,-0.790231,0.478203,-0.38322,-0.660743,-0.411362,0.049571,0.910122,-0.232674,0.0,0.0,0.0,1.0
Hokuyo_30.csv, Hokuyo_24.csv,0.95237,-0.249746,-0.174979,-1.386045,0.174107,0.916417,-0.360371,-2.764313,0.250355,0.31274,0.91625,-2.019739,0.0,0.0,0.0,1.0
Hokuyo_30.csv, Hokuyo_24.csv,0.26406,0.96446,0.009427,-3.912645,-0.737615,0.195635,0.646258,0.009769,0.621447,-0.177605,0.763061,-3.256445,0.0,0.0,0.0,1.0
Hokuyo_30.csv, Hokuyo_24.csv,-0.147392,0.873255,0.464435,-3.373684,-0.948965,0.007516,-0.315294,0.189989,-0.278822,-0.487206,0.827581,2.819094,0.0,0.0,0.0,1.0
Hokuyo_30.csv, Hokuyo_24.csv,0.777903,0.581266,-0.23874,-3.509254,-0.627915,0.733715,-0.259587,0.322625,0.02428,0.351841,0.935744,-1.984627,0.0,0.0,0.0,1.0
Hokuyo_30.csv, Hokuyo_24.csv,0.487025,0.860405,-0.150032,-2.682367,-0.811206,0.509283,0.287359,1.166584,0.323656,-0.018246,0.945999,-0.233295,0.0,0.0,0.0,1.0
Hokuyo_30.csv, Hokuyo_24.csv,-0.430038,0.874249,0.225286,-1.102608,-0.8349,-0.48006,0.269231,2.627839,0.343526,-0.072313,0.936355,-0.511048,0.0,0.0,0.0,1.0
Hokuyo_14.csv, Hokuyo_20.csv,0.475049,0.190736,0.85904,1.618999,0.212217,0.922578,-0.322199,0.105457,-0.853985,0.335365,0.397792,-2.086722,0.0,0.0,0.0,1.0
Hokuyo_14.csv, Hokuyo_20.csv,0.576121,-0.198108,0.792993,1.887529,0.353154,0.935284,-0.022915,0.657831,-0.737134,0.293251,0.6088,-1.464544,0.0,0.0,0.0,1.0
Hokuyo_14.csv, Hokuyo_20.csv,0.684795,-0.371541,0.626908,2.310572,0.338974,0.923937,0.177305,0.529908,-0.645098,0.091089,0.75865,-1.077763,0.0,0.0,0.0,1.0
Hokuyo_14.csv, Hokuyo_20.csv,0.579596,-0.236607,0.779799,1.988675,0.101376,0.970421,0.219098,0.065812,-0.808573,-0.047935,0.586439,-1.62687,0.0,0.0,0.0,1.0
Hokuyo_14.csv, Hokuyo_20.csv,0.740201,-0.108257,0.663614,2.361077,0.077282,0.99411,0.075973,-0.075519,-0.667928,-0.004948,0.744208,-1.063769,0.0,0.0,0.0,1.0
Hokuyo_14.csv, Hokuyo_20.csv,0.367928,-0.154774,0.916883,1.456147,0.242083,0.96799,0.06626,0.219457,-0.897789,0.197583,0.393618,-2.065323,0.0,0.0,0.0,1.0
Hokuyo_14.csv, Hokuyo_20.csv,0.211084,-0.152871,0.965441,1.503003,-0.234336,0.950977,0.201817,-0.329143,-0.948962,-0.268837,0.164912,-1.835268,0.0,0.0,0.0,1.0
Hokuyo_14.csv, Hokuyo_20.csv,0.678404,-0.243976,0.692996,0.879751,-0.121371,0.893073,0.433233,-0.576569,-0.724593,-0.378015,0.576253,-0.842701,0.0,0.0,0.0,1.0
Hokuyo_14.csv, Hokuyo_20.csv,0.934891,0.168502,0.312388,3.478384,0.001564,0.878161,-0.478362,-0.874836,-0.354931,0.447705,0.820722,-0.126638,0.0,0.0,0.0,1.0
Hokuyo_14.csv, Hokuyo_20.csv,0.232836,-0.214239,0.948625,0.785301,0.314047,0.939738,0.135152,0.154804,-0.920413,0.266445,0.286087,-1.936956,0.0,0.0,0.0,1.0
Hokuyo_14.csv, Hokuyo_20.csv,0.819726,-0.488065,0.299735,2.653761,0.352212,0.842225,0.408171,0.702064,-0.451657,-0.229017,0.862297,-0.346583,0.0,0.0,0.0,1.0
Hokuyo_14.csv, Hokuyo_20.csv,0.203068,-0.191628,0.96023,1.587406,-0.533685,0.800535,0.272622,-2.323275,-0.82094,-0.567821,0.060292,-1.996223,0.0,0.0,0.0,1.0
Hokuyo_14.csv, Hokuyo_20.csv,0.727438,-0.550888,0.409091,2.177899,0.578535,0.81298,0.066031,1.22791,-0.368958,0.188641,0.910102,-1.611116,0.0,0.0,0.0,1.0
Hokuyo_14.csv, Hokuyo_20.csv,-0.192886,-0.168463,0.966651,0.808325,0.901087,0.359521,0.242461,1.750256,-0.388377,0.917803,0.082455,-1.223131,0.0,0.0,0.0,1.0
Hokuyo_14.csv, Hokuyo_20.csv,-0.430063,0.094289,0.897861,-1.626551,-0.223543,0.952438,-0.207093,-0.573565,-0.874684,-0.289775,-0.388533,-2.894669,0.0,0.0,0.0,1.0
Hokuyo_14.csv, Hokuyo_20.csv,0.888397,-0.191075,-0.41742,1.765565,0.291546,0.937191,0.191501,-1.838073,0.354612,-0.291824,0.888307,2.801339,0.0,0.0,0.0,1.0
Hokuyo_14.csv, Hokuyo_20.csv,0.335015,0.367351,0.867652,1.596011,0.390194,0.784098,-0.482635,1.487607,-0.85762,0.500243,0.119346,-2.171687,0.0,0.0,0.0,1.0
Hokuyo_14.csv, Hokuyo_20.csv,0.981761,-0.095176,-0.164573,2.772469,0.171696,0.81557,0.552601,0.671002,0.081627,-0.570777,0.817036,-0.049908,0.0,0.0,0.0,1.0
Hokuyo_14.csv, Hokuyo_20.csv,0.623394,-0.241644,0.743631,2.937035,0.47023,0.875706,-0.109636,0.751932,-0.624709,0.418025,0.65954,-1.888198,0.0,0.0,0.0,1.0
Hokuyo_22.csv, Hokuyo_16.csv,0.856391,0.338324,0.39004,-2.682184,-0.289159,0.9401,-0.180558,0.575225,-0.427763,0.041844,0.902921,0.864746,0.0,0.0,0.0,1.0
Hokuyo_22.csv, Hokuyo_16.csv,0.979452,0.075557,0.186985,-2.923912,-0.045656,0.986169,-0.159337,-0.245539,-0.196438,0.147526,0.969354,0.080218,0.0,0.0,0.0,1.0
Hokuyo_22.csv, Hokuyo_16.csv,0.998387,-0.05512,-0.013619,-2.711921,0.056033,0.917799,0.39307,-0.558028,-0.009166,-0.3932,0.919407,-0.075664,0.0,0.0,0.0,1.0
Hokuyo_22.csv, Hokuyo_16.csv,0.871832,0.441899,-0.211269,-2.485538,-0.384117,0.884472,0.264884,0.503377,0.303913,-0.149783,0.940851,-1.165043,0.0,0.0,0.0,1.0
Hokuyo_22.csv, Hokuyo_16.csv,0.957011,0.092958,0.274751,-2.862326,-0.140765,0.977072,0.159734,0.058717,-0.253603,-0.191543,0.948154,0.649455,0.0,0.0,0.0,1.0
Hokuyo_22.csv, Hokuyo_16.csv,0.959092,0.270592,-0.083198,-2.635733,-0.272914,0.961875,-0.017713,0.12549,0.075233,0.039693,0.996375,-0.675642,0.0,0.0,0.0,1.0
Hokuyo_22.csv, Hokuyo_16.csv,0.997327,-0.000586,-0.073073,-1.896341,-0.024067,0.941544,-0.33603,-0.09756,0.068999,0.33689,0.939012,0.03215,0.0,0.0,0.0,1.0
Hokuyo_22.csv, Hokuyo_16.csv,0.939516,0.329517,-0.093432,-2.524649,-0.331259,0.80487,-0.492395,0.751047,-0.087052,0.493563,0.865342,-0.030097,0.0,0.0,0.0,1.0
Hokuyo_22.csv, Hokuyo_16.csv,0.997218,0.059957,-0.044279,-2.344416,-0.057224,0.996521,0.060591,-0.363854,0.047758,-0.05789,0.99718,-0.393141,0.0,0.0,0.0,1.0
Hokuyo_22.csv, Hokuyo_16.csv,0.827245,0.51519,0.224155,-2.370074,-0.313265,0.75414,-0.577182,1.29639,-0.466403,0.40725,0.785247,0.497367,0.0,0.0,0.0,1.0
Hokuyo_22.csv, Hokuyo_16.csv,0.83868,0.227513,-0.494828,-1.689344,0.093575,0.834861,0.542449,-0.279434,0.536527,-0.501245,0.678891,-2.004022,0.0,0.0,0.0,1.0
Hokuyo_22.csv, Hokuyo_16.csv,0.68867,0.633193,0.35327,-2.550988,-0.531595,0.772261,-0.347881,0.61299,-0.493092,0.051777,0.868435,1.075655,0.0,0.0,0.0,1.0
Hokuyo_22.csv, Hokuyo_16.csv,0.42343,0.678539,0.600243,-2.066364,-0.905888,0.310815,0.287681,1.280142,0.008638,-0.665567,0.746289,-0.910441,0.0,0.0,0.0,1.0
Hokuyo_22.csv, Hokuyo_16.csv,0.405844,-0.815422,-0.412766,-0.976371,0.662626,-0.048526,0.747376,-0.905394,-0.629458,-0.576829,0.520626,1.145387,0.0,0.0,0.0,1.0
Hokuyo_22.csv, Hokuyo_16.csv,0.837052,0.373346,0.399945,-3.724812,-0.038119,0.769018,-0.63809,-0.444405,-0.545794,0.518868,0.657939,3.457129,0.0,0.0,0.0,1.0
Hokuyo_22.csv, Hokuyo_16.csv,0.78853,0.568807,0.233835,-2.842589,-0.583054,0.570488,0.578437,2.558074,0.195619,-0.592455,0.781492,-0.133907,0.0,0.0,0.0,1.0
Hokuyo_22.csv, Hokuyo_16.csv,-0.185174,0.787183,-0.588265,-0.320991,-0.751901,0.27194,0.600577,1.186824,0.632737,0.553528,0.541525,-1.129325,0.0,0.0,0.0,1.0
Hokuyo_22.csv, Hokuyo_16.csv,-0.073397,0.9584,-0.27583,-0.882623,-0.753593,0.127858,0.644787,3.622841,0.653231,0.255188,0.712858,-2.554156,0.0,0.0,0.0,1.0
Hokuyo_22.csv, Hokuyo_16.csv,0.210687,-0.026571,-0.977192,-2.217573,0.207323,0.978105,0.018103,-0.24512,0.955316,-0.206409,0.211582,-3.541561,0.0,0.0,0.0,1.0
Hokuyo_15.csv, Hokuyo_26.csv,0.10825,-0.993593,-0.03246,4.241165,0.991737,0.110195,-0.065679,1.772005,0.068835,-0.025083,0.997313,0.616791,0.0,0.0,0.0,1.0
Hokuyo_15.csv, Hokuyo_26.csv,0.309001,-0.949342,0.057167,4.622293,0.93271,0.314242,0.176923,0.704222,-0.185925,-0.001349,0.982563,0.001519,0.0,0.0,0.0,1.0
Hokuyo_15.csv, Hokuyo_26.csv,0.48312,-0.726725,0.488329,4.087507,0.838557,0.544469,-0.019342,-0.434785,-0.251824,0.418836,0.872444,-1.907523,0.0,0.0,0.0,1.0
Hokuyo_15.csv, Hokuyo_26.csv,0.183358,-0.982989,0.010563,4.508064,0.978926,0.183562,0.089481,1.284653,-0.089898,-0.006068,0.995932,0.023124,0.0,0.0,0.0,1.0
Hokuyo_15.csv, Hokuyo_26.csv,0.191192,-0.92345,0.332694,4.345973,0.978133,0.207514,0.013875,1.149777,-0.081852,0.322766,0.942932,-0.943477,0.0,0.0,0.0,1.0
Hokuyo_15.csv, Hokuyo_26.csv,0.189716,-0.979183,0.072173,4.267253,0.978889,0.194327,0.06333,1.117141,-0.076037,0.058634,0.995379,-0.04811,0.0,0.0,0.0,1.0
Hokuyo_15.csv, Hokuyo_26.csv,-0.04539,-0.983505,0.175091,4.055778,0.974498,-0.005036,0.224336,2.197027,-0.219754,0.180808,0.958653,-0.692871,0.0,0.0,0.0,1.0
Hokuyo_15.csv, Hokuyo_26.csv,0.266952,-0.890803,0.367704,3.299298,0.914277,0.354731,0.195611,0.017192,-0.304687,0.283964,0.909136,-2.378987,0.0,0.0,0.0,1.0
Hokuyo_15.csv, Hokuyo_26.csv,-0.457905,-0.865328,-0.203785,1.176764,0.441255,-0.420229,0.792907,3.002785,-0.771761,0.273154,0.574256,-2.183426,0.0,0.0,0.0,1.0
Hokuyo_15.csv, Hokuyo_26.csv,-0.130981,-0.98469,-0.115016,3.793313,0.991049,-0.127037,-0.040998,1.194289,0.025759,-0.119357,0.992517,0.482078,0.0,0.0,0.0,1.0
Hokuyo_15.csv, Hokuyo_26.csv,0.475975,-0.877637,0.056554,4.781492,0.879401,0.475694,-0.019233,-0.563736,-0.010022,0.058888,0.998214,0.334585,0.0,0.0,0.0,1.0
Hokuyo_15.csv, Hokuyo_26.csv,0.160046,-0.980306,-0.115698,3.961092,0.908992,0.100666,0.404473,2.566985,-0.38486,-0.169903,0.907202,-0.367089,0.0,0.0,0.0,1.0
Hokuyo_15.csv, Hokuyo_26.csv,-0.36394,-0.880023,0.305135,2.987006,0.822923,-0.15035,0.547897,3.067741,-0.436285,0.450504,0.77891,-1.852529,0.0,0.0,0.0,1.0
Hokuyo_15.csv, Hokuyo_26.csv,-0.679749,-0.725076,0.110479,2.574804,0.733444,-0.672212,0.10095,5.433045,0.001069,0.14965,0.988738,-0.662334,0.0,0.0,0.0,1.0
Hokuyo_15.csv, Hokuyo_26.csv,0.223158,-0.346038,-0.911294,0.950802,0.186314,-0.902493,0.388321,5.115842,-0.956811,-0.256445,-0.136926,-1.040887,0.0,0.0,0.0,1.0
Hokuyo_15.csv, Hokuyo_26.csv,-0.482007,-0.006525,0.876143,-0.683762,0.616119,-0.713498,0.333642,3.532959,0.622949,0.700627,0.34793,-0.636801,0.0,0.0,0.0,1.0
Hokuyo_15.csv, Hokuyo_26.csv,0.045014,-0.335102,0.941106,3.18336,0.527863,0.807785,0.262381,-2.121798,-0.848135,0.484964,0.21325,-5.038535,0.0,0.0,0.0,1.0
Hokuyo_15.csv, Hokuyo_26.csv,-0.332051,-0.590529,0.735539,1.3791,0.132017,-0.801202,-0.583649,3.303325,0.933977,-0.096697,0.343999,1.239563,0.0,0.0,0.0,1.0
Hokuyo_15.csv, Hokuyo_26.csv,-0.102537,-0.682868,0.72331,2.504172,0.664909,0.493777,0.560427,-0.379559,-0.739852,0.5384,0.403415,-2.741726,0.0,0.0,0.0,1.0
Hokuyo_20.csv, Hokuyo_29.csv,0.421175,-0.900054,0.111867,3.082476,0.698311,0.400507,0.593259,0.969278,-0.578769,-0.171746,0.797201,-0.819739,0.0,0.0,0.0,1.0
Hokuyo_20.csv, Hokuyo_29.csv,-0.053728,-0.941886,-0.331608,2.044943,0.983908,-0.106607,0.143386,2.899772,-0.170404,-0.318567,0.932457,0.684957,0.0,0.0,0.0,1.0
Hokuyo_20.csv, Hokuyo_29.csv,0.259409,-0.933251,-0.248494,2.914065,0.915976,0.156201,0.369579,1.96429,-0.306095,-0.323486,0.895355,0.226176,0.0,0.0,0.0,1.0
Hokuyo_20.csv, Hokuyo_29.csv,0.242744,-0.861333,-0.446297,2.601006,0.932797,0.333579,-0.136437,1.693408,0.266394,-0.383185,0.884422,1.866121,0.0,0.0,0.0,1.0
Hokuyo_20.csv, Hokuyo_29.csv,0.341258,-0.926193,-0.160341,3.107449,0.88302,0.257411,0.392448,1.80871,-0.322209,-0.27551,0.90569,0.110473,0.0,0.0,0.0,1.0
Hokuyo_20.csv, Hokuyo_29.csv,0.375018,-0.878519,-0.295915,2.957962,0.914669,0.402594,-0.036053,1.447319,0.150807,-0.257144,0.954533,1.292479,0.0,0.0,0.0,1.0
Hokuyo_20.csv, Hokuyo_29.csv,0.205128,-0.978554,-0.018816,2.830356,0.894406,0.179613,0.409606,2.091247,-0.397443,-0.10085,0.912067,-0.421966,0.0,0.0,0.0,1.0
Hokuyo_20.csv, Hokuyo_29.csv,0.342967,-0.811866,-0.472489,2.633729,0.593294,0.577191,-0.561116,0.251901,0.728269,-0.08788,0.679633,2.465284,0.0,0.0,0.0,1.0
Hokuyo_20.csv, Hokuyo_29.csv,0.121438,-0.930971,0.344303,2.672188,0.908316,-0.03565,-0.416762,2.556909,0.400268,0.363348,0.841287,0.622622,0.0,0.0,0.0,1.0
Hokuyo_20.csv, Hokuyo_29.csv,-0.370192,-0.926908,0.061629,0.464423,0.883556,-0.371811,-0.284753,2.032526,0.286855,-0.050959,0.956617,0.431376,0.0,0.0,0.0,1.0
Hokuyo_20.csv, Hokuyo_29.csv,-0.019679,-0.77701,0.629179,2.382623,0.999063,-0.039534,-0.017577,1.996044,0.038532,0.628246,0.777061,-1.614738,0.0,0.0,0.0,1.0
Hokuyo_20.csv, Hokuyo_29.csv,0.461929,-0.886616,0.023102,3.227664,0.715706,0.388015,0.580697,1.19173,-0.523819,-0.251706,0.813792,0.790239,0.0,0.0,0.0,1.0
Hokuyo_20.csv, Hokuyo_29.csv,0.120973,-0.963264,-0.239768,2.326698,0.992429,0.112205,0.049943,2.072274,-0.021205,-0.243994,0.969544,1.076038,0.0,0.0,0.0,1.0
Hokuyo_20.csv, Hokuyo_29.csv,0.456702,-0.813249,0.360622,3.101748,0.767845,0.56506,0.301863,0.224442,-0.449263,0.139041,0.882514,-2.69692,0.0,0.0,0.0,1.0
Hokuyo_20.csv, Hokuyo_29.csv,-0.362525,-0.778034,0.513066,0.049348,0.928196,-0.350936,0.123676,4.781842,0.083829,0.521063,0.849391,-0.875481,0.0,0.0,0.0,1.0
Hokuyo_20.csv, Hokuyo_29.csv,0.514354,-0.110775,-0.850393,1.587789,-0.767122,0.383849,-0.513988,-3.792926,0.383359,0.916728,0.112456,-2.220287,0.0,0.0,0.0,1.0
Hokuyo_20.csv, Hokuyo_29.csv,0.257521,-0.934952,-0.244024,3.980557,0.563936,-0.059647,0.823661,1.497325,-0.78464,-0.349723,0.511892,-0.630141,0.0,0.0,0.0,1.0
Hokuyo_20.csv, Hokuyo_29.csv,0.577905,-0.780913,0.237067,4.138588,0.716661,0.624569,0.310341,-0.596073,-0.390414,-0.00945,0.92059,-0.479029,0.0,0.0,0.0,1.0
Hokuyo_20.csv, Hokuyo_29.csv,0.330744,-0.806724,-0.4897,2.458426,0.764737,-0.074945,0.639969,3.360879,-0.552979,-0.586157,0.592143,2.558902,0.0,0.0,0.0,1.0
Hokuyo_20.csv, Hokuyo_29.csv,0.343865,-0.015437,-0.938891,2.181825,0.799762,0.528773,0.284217,-0.403811,0.492074,-0.848623,0.194171,2.224841,0.0,0.0,0.0,1.0
Hokuyo_1.csv, Hokuyo_6.csv,0.985191,0.13174,0.109748,2.094874,-0.12861,0.991071,-0.035157,-0.664424,-0.1134,0.020522,0.993338,0.015794,0.0,0.0,0.0,1.0
Hokuyo_1.csv, Hokuyo_6.csv,0.88905,-0.265836,0.372724,2.064378,0.320276,0.9429,-0.091443,0.584281,-0.327132,0.200672,0.923427,-0.352223,0.0,0.0,0.0,1.0
Hokuyo_1.csv, Hokuyo_6.csv,0.969575,-0.194443,0.148724,2.221249,0.226809,0.942129,-0.246882,0.276051,-0.092112,0.273103,0.957565,0.069574,0.0,0.0,0.0,1.0
Hokuyo_1.csv, Hokuyo_6.csv,0.92553,0.157064,-0.344569,1.825684,-0.127701,0.986081,0.106473,-0.441796,0.356496,-0.054541,0.932704,1.100828,0.0,0.0,0.0,1.0
Hokuyo_1.csv, Hokuyo_6.csv,0.964891,-0.168014,-0.201883,1.966363,0.176224,0.984075,0.02327,0.18126,0.194759,-0.058029,0.979134,0.841167,0.0,0.0,0.0,1.0
Hokuyo_1.csv, Hokuyo_6.csv,0.992203,-0.11745,-0.041716,2.047796,0.119807,0.991019,0.05939,0.230513,0.034366,-0.063924,0.997363,0.386807,0.0,0.0,0.0,1.0
Hokuyo_1.csv, Hokuyo_6.csv,0.970922,0.23376,0.051648,2.319247,-0.230124,0.851866,0.470498,-1.560184,0.065986,-0.468701,0.880889,0.716212,0.0,0.0,0.0,1.0
Hokuyo_1.csv, Hokuyo_6.csv,0.959032,-0.187595,-0.212291,2.625868,0.168669,0.980153,-0.104166,-0.035352,0.227619,0.064092,0.971639,1.057502,0.0,0.0,0.0,1.0
Hokuyo_1.csv, Hokuyo_6.csv,0.695736,0.137645,-0.704987,1.111741,-0.222039,0.974611,-0.028838,-0.178376,0.683119,0.176599,0.708635,3.11932,0.0,0.0,0.0,1.0
Hokuyo_1.csv, Hokuyo_6.csv,0.6666,0.329814,0.668483,1.070766,-0.258684,0.943411,-0.207502,-0.715543,-0.699091,-0.034605,0.714195,-2.064012,0.0,0.0,0.0,1.0
Hokuyo_1.csv, Hokuyo_6.csv,0.924626,-0.28074,-0.257397,1.85222,0.147184,0.886664,-0.438364,0.358071,0.351291,0.367438,0.861154,0.649128,0.0,0.0,0.0,1.0
Hokuyo_1.csv, Hokuyo_6.csv,0.903723,0.092493,-0.418007,2.453632,-0.023103,0.985496,0.168114,0.344127,0.427495,-0.142271,0.892754,0.778991,0.0,0.0,0.0,1.0
Hokuyo_1.csv, Hokuyo_6.csv,0.900391,-0.373626,0.222939,1.275553,0.41558,0.890242,-0.186445,-0.205666,-0.128809,0.260522,0.956837,-0.586461,0.0,0.0,0.0,1.0
Hokuyo_1.csv, Hokuyo_6.csv,-0.094457,-0.932899,-0.347529,-0.627795,0.971561,-0.010242,-0.236571,1.668236,0.217137,-0.35999,0.907336,0.181851,0.0,0.0,0.0,1.0
Hokuyo_1.csv, Hokuyo_6.csv,0.980956,-0.153341,0.119217,1.029194,0.006557,0.639575,0.768701,-0.420771,-0.194122,-0.753279,0.6284,-2.576518,0.0,0.0,0.0,1.0
Hokuyo_1.csv, Hokuyo_6.csv,0.775191,0.165784,0.609587,0.441373,-0.076912,0.98254,-0.169407,-1.806957,-0.62703,0.084439,0.774407,0.264297,0.0,0.0,0.0,1.0
Hokuyo_1.csv, Hokuyo_6.csv,0.706758,-0.659211,-0.256776,0.66432,0.671488,0.739337,-0.049855,2.310596,0.22271,-0.137186,0.965185,-0.061426,0.0,0.0,0.0,1.0
Hokuyo_1.csv, Hokuyo_6.csv,0.930038,-0.357504,-0.084972,2.195036,0.353008,0.80501,0.476807,1.913101,-0.102058,-0.473444,0.874892,0.617042,0.0,0.0,0.0,1.0
Hokuyo_1.csv, Hokuyo_6.csv,0.770617,0.481953,0.41698,2.070284,-0.619106,0.721358,0.310405,-1.191919,-0.151191,-0.497356,0.854271,0.130546,0.0,0.0,0.0,1.0
Hokuyo_20.csv, Hokuyo_15.csv,0.863623,0.47383,-0.172164,-2.056876,-0.495124,0.861479,-0.112724,1.105637,0.094901,0.182593,0.978598,0.129113,0.0,0.0,0.0,1.0
Hokuyo_20.csv, Hokuyo_15.csv,0.925442,0.117951,-0.360062,-2.338149,-0.185763,0.969504,-0.159861,0.409684,0.330225,0.214827,0.919131,-0.238014,0.0,0.0,0.0,1.0
Hokuyo_20.csv, Hokuyo_15.csv,0.838953,-0.052367,-0.541678,-2.023191,0.002052,0.995657,-0.093081,-0.20088,0.544199,0.076978,0.835417,-0.750995,0.0,0.0,0.0,1.0
Hokuyo_20.csv, Hokuyo_15.csv,0.923848,0.079725,-0.374364,-2.251766,-0.024051,0.988226,0.151099,0.085339,0.382002,-0.13059,0.914889,-0.426619,0.0,0.0,0.0,1.0
Hokuyo_20.csv, Hokuyo_15.csv,0.817328,0.218182,-0.533265,-2.003904,-0.170035,0.975648,0.138568,0.421331,0.55051,-0.022582,0.834522,-0.7139,0.0,0.0,0.0,1.0
Hokuyo_20.csv, Hokuyo_15.csv,0.983853,0.131539,-0.121368,-2.336336,-0.135421,0.990492,-0.024274,0.151698,0.117019,0.040316,0.992311,0.178516,0.0,0.0,0.0,1.0
Hokuyo_20.csv, Hokuyo_15.csv,0.993805,0.103633,0.040136,-1.876435,-0.110469,0.881738,0.458624,0.866766,0.012138,-0.460218,0.887724,0.728232,0.0,0.0,0.0,1.0
Hokuyo_20.csv, Hokuyo_15.csv,0.86639,0.080106,-0.492899,-3.480779,0.147259,0.902173,0.405462,-0.42491,0.477159,-0.423874,0.769838,-0.222159,0.0,0.0,0.0,1.0
Hokuyo_20.csv, Hokuyo_15.csv,0.459083,0.45818,-0.761128,-0.373981,-0.677444,0.734801,0.033722,1.210041,0.574727,0.500139,0.647725,-0.611309,0.0,0.0,0.0,1.0
Hokuyo_20.csv, Hokuyo_15.csv,0.998859,0.047637,0.003245,-2.684174,-0.047237,0.995811,-0.078297,-0.365798,-0.006962,0.078053,0.996925,0.730257,0.0,0.0,0.0,1.0
Hokuyo_20.csv, Hokuyo_15.csv,0.592252,-0.194767,-0.781859,-1.404557,0.243105,0.968321,-0.057067,-0.752826,0.768204,-0.156277,0.620838,-1.26074,0.0,0.0,0.0,1.0
Hokuyo_20.csv, Hokuyo_15.csv,0.997202,0.06388,0.038819,-1.78842,-0.071917,0.67824,0.731312,-0.430846,0.020386,-0.732059,0.680937,0.112056,0.0,0.0,0.0,1.0
Hokuyo_20.csv, Hokuyo_15.csv,0.690619,-0.255376,-0.67663,-1.90899,-0.019882,0.928525,-0.370741,-0.141568,0.722945,0.269493,0.636179,-2.529914,0.0,0.0,0.0,1.0
Hokuyo_20.csv, Hokuyo_15.csv,0.908453,-0.012673,0.417793,-1.205198,0.336122,0.616308,-0.712172,-1.620295,-0.248464,0.787404,0.564146,0.778725,0.0,0.0,0.0,1.0
Hokuyo_20.csv, Hokuyo_15.csv,0.722307,0.162327,0.672251,-2.395205,-0.492465,0.803198,0.335188,1.649344,-0.485541,-0.57317,0.660097,0.832281,0.0,0.0,0.0,1.0
Hokuyo_20.csv, Hokuyo_15.csv,-0.143173,-0.041333,-0.988834,-0.377966,0.001303,0.999119,-0.041953,-2.430461,0.989697,-0.007295,-0.142993,-1.003483,0.0,0.0,0.0,1.0
Hokuyo_20.csv, Hokuyo_15.csv,0.794361,0.607432,-0.004146,-1.452061,-0.569869,0.742845,-0.351327,2.161294,-0.210328,0.281442,0.936243,0.939216,0.0,0.0,0.0,1.0
Hokuyo_20.csv, Hokuyo_15.csv,0.090263,0.124052,-0.988162,-0.255468,0.345223,0.926797,0.147882,-0.566414,0.934169,-0.354485,0.04083,-3.003331,0.0,0.0,0.0,1.0
Hokuyo_20.csv, Hokuyo_15.csv,0.901009,0.078685,-0.426604,-1.364347,-0.225462,0.925094,-0.305562,0.270524,0.370606,0.371496,0.851259,-1.058337,0.0,0.0,0.0,1.0
Hokuyo_0.csv, Hokuyo_9.csv,0.902023,0.131935,0.411032,3.448623,-0.069972,0.984246,-0.162371,-0.656625,-0.425978,0.117702,0.897045,-1.089946,0.0,0.0,0.0,1.0
Hokuyo_0.csv, Hokuyo_9.csv,0.967874,-0.147481,0.20364,3.608165,0.177206,0.974684,-0.136346,0.147875,-0.178375,0.168052,0.969506,-0.239551,0.0,0.0,0.0,1.0
Hokuyo_0.csv, Hokuyo_9.csv,0.961425,-0.275068,0.000274,3.662854,0.250059,0.874426,0.415751,0.902354,-0.114598,-0.399644,0.909479,0.317559,0.0,0.0,0.0,1.0
Hokuyo_0.csv, Hokuyo_9.csv,0.952152,0.24149,-0.187318,3.320809,-0.183859,0.942196,0.280113,-1.008607,0.244136,-0.232269,0.941515,1.466558,0.0,0.0,0.0,1.0
Hokuyo_0.csv, Hokuyo_9.csv,0.948081,-0.12729,0.291445,3.614177,0.076031,0.980553,0.18093,0.102592,-0.308807,-0.149377,0.939321,-0.339506,0.0,0.0,0.0,1.0
Hokuyo_0.csv, Hokuyo_9.csv,0.996686,0.052565,-0.062073,3.69858,-0.052593,0.998615,0.001178,-0.845315,0.06205,0.002091,0.998071,0.687849,0.0,0.0,0.0,1.0
Hokuyo_0.csv, Hokuyo_9.csv,0.973673,-0.220482,-0.057866,4.466641,0.19193,0.929919,-0.313708,0.247748,0.122979,0.294343,0.947755,1.554757,0.0,0.0,0.0,1.0
Hokuyo_0.csv, Hokuyo_9.csv,0.990863,0.114557,-0.07119,3.724013,-0.134692,0.867992,-0.477963,-1.129545,0.007039,0.483185,0.87549,0.555311,0.0,0.0,0.0,1.0
Hokuyo_0.csv, Hokuyo_9.csv,0.986401,-0.162013,-0.027634,4.092819,0.163787,0.98295,0.083566,0.150333,0.013625,-0.086956,0.99612,0.712602,0.0,0.0,0.0,1.0
Hokuyo_0.csv, Hokuyo_9.csv,0.916141,0.314136,0.249007,3.579727,-0.126679,0.816238,-0.563657,-0.582556,-0.380314,0.484845,0.787582,-1.501273,0.0,0.0,0.0,1.0
Hokuyo_0.csv, Hokuyo_9.csv,0.878047,0.04552,-0.476404,3.483871,0.265271,0.782257,0.563654,1.480403,0.398328,-0.621291,0.674784,1.610665,0.0,0.0,0.0,1.0
Hokuyo_0.csv, Hokuyo_9.csv,0.804581,0.457351,0.378786,2.714052,-0.340146,0.877783,-0.33734,-2.462858,-0.486774,0.142575,0.861815,-1.320917,0.0,0.0,0.0,1.0
Hokuyo_0.csv, Hokuyo_9.csv,0.551056,0.555497,0.622705,1.737262,-0.820117,0.498325,0.281212,-4.052744,-0.154097,-0.665654,0.730177,-0.776686,0.0,0.0,0.0,1.0
Hokuyo_0.csv, Hokuyo_9.csv,0.223323,-0.876751,-0.42595,0.607694,0.620194,-0.209316,0.756006,3.957561,-0.751987,-0.433006,0.497011,-2.949423,0.0,0.0,0.0,1.0
Hokuyo_0.csv, Hokuyo_9.csv,0.890729,0.170171,0.421478,2.319028,0.146095,0.770886,-0.619993,-0.589948,-0.430416,0.613821,0.661789,0.93207,0.0,0.0,0.0,1.0
Hokuyo_0.csv, Hokuyo_9.csv,0.890082,0.374804,0.259378,2.910736,-0.453702,0.674002,0.582989,-0.231451,0.043687,-0.636587,0.769966,1.295392,0.0,0.0,0.0,1.0
Hokuyo_0.csv, Hokuyo_9.csv,0.005746,0.820239,-0.571993,-1.356521,-0.684912,0.419997,0.595397,-2.92083,0.728603,0.388344,0.564205,3.868672,0.0,0.0,0.0,1.0
Hokuyo_0.csv, Hokuyo_9.csv,0.146358,0.956098,-0.25388,-0.789974,-0.719378,0.279032,0.636111,-0.578405,0.679025,0.089535,0.728635,2.472377,0.0,0.0,0.0,1.0
Hokuyo_0.csv, Hokuyo_9.csv,0.219224,-0.053146,-0.974226,-1.711738,0.41848,0.907126,0.044683,1.922043,0.881371,-0.41749,0.221105,2.620634,0.0,0.0,0.0,1.0
Hokuyo_0.csv, Hokuyo_8.csv,0.942515,-0.224779,-0.24726,3.164748,0.163323,0.955414,-0.245984,0.163758,0.29153,0.191461,0.937205,1.407408,0.0,0.0,0.0,1.0
Hokuyo_0.csv, Hokuyo_8.csv,0.98093,-0.01033,-0.194084,3.335097,0.018162,0.999088,0.038613,-0.402798,0.193508,-0.041401,0.980224,1.221291,0.0,0.0,0.0,1.0
Hokuyo_0.csv, Hokuyo_8.csv,0.931837,0.283217,0.226864,3.106587,-0.27068,0.958886,-0.085256,-1.367262,-0.241682,0.018037,0.970187,-0.314258,0.0,0.0,0.0,1.0
Hokuyo_0.csv, Hokuyo_8.csv,0.964765,-0.145188,-0.219426,3.356412,0.130462,0.988199,-0.080253,-0.094202,0.22849,0.048799,0.972321,1.092078,0.0,0.0,0.0,1.0
Hokuyo_0.csv, Hokuyo_8.csv,0.992217,-0.074926,0.099453,3.532564,0.089205,0.984968,-0.147913,-0.277109,-0.086875,0.155634,0.983986,0.349803,0.0,0.0,0.0,1.0
Hokuyo_0.csv, Hokuyo_8.csv,0.978414,-0.129654,-0.160919,3.165625,0.113963,0.988107,-0.103221,-0.276557,0.17239,0.082655,0.981554,1.053812,0.0,0.0,0.0,1.0
Hokuyo_0.csv, Hokuyo_8.csv,0.9413,-0.337254,-0.014597,3.43558,0.337443,0.941253,0.013179,0.78625,0.009296,-0.017331,0.999805,0.719671,0.0,0.0,0.0,1.0
Hokuyo_0.csv, Hokuyo_8.csv,0.992246,0.011329,0.12377,2.42136,-0.019898,0.997471,0.068231,-1.006594,-0.122683,-0.070165,0.989961,-0.781708,0.0,0.0,0.0,1.0
Hokuyo_0.csv, Hokuyo_8.csv,0.620208,-0.736587,-0.269775,0.991237,0.712163,0.384532,0.587333,2.641619,-0.328885,-0.556393,0.76306,-0.132732,0.0,0.0,0.0,1.0
Hokuyo_0.csv, Hokuyo_8.csv,0.845723,-0.45709,-0.275354,3.044384,0.388912,0.881294,-0.268452,-0.596867,0.365375,0.119949,0.923099,1.257367,0.0,0.0,0.0,1.0
Hokuyo_0.csv, Hokuyo_8.csv,0.961826,0.169156,-0.215116,3.279598,-0.195379,0.974874,-0.106989,-1.623797,0.191614,0.144935,0.970709,1.329972,0.0,0.0,0.0,1.0
Hokuyo_0.csv, Hokuyo_8.csv,0.924166,-0.183255,-0.335163,2.733106,0.265907,0.938551,0.220033,1.524338,0.274246,-0.292469,0.916106,0.965258,0.0,0.0,0.0,1.0
Hokuyo_0.csv, Hokuyo_8.csv,0.787442,-0.584404,0.19597,3.10577,0.50962,0.796108,0.326342,2.081959,-0.34673,-0.157105,0.924713,-0.012871,0.0,0.0,0.0,1.0
Hokuyo_0.csv, Hokuyo_8.csv,0.505729,-0.856318,0.104667,3.171223,0.855857,0.482777,-0.185567,3.724986,0.108374,0.183427,0.977041,0.38506,0.0,0.0,0.0,1.0
Hokuyo_0.csv, Hokuyo_8.csv,0.156453,-0.026569,-0.987327,-0.567541,0.985304,-0.06517,0.157887,4.380482,-0.06854,-0.99752,0.015982,0.193654,0.0,0.0,0.0,1.0
Hokuyo_0.csv, Hokuyo_8.csv,0.087649,-0.334738,0.938225,0.92325,0.91879,0.391076,0.053694,2.199479,-0.384891,0.857326,0.341831,-0.734539,0.0,0.0,0.0,1.0
Hokuyo_0.csv, Hokuyo_8.csv,0.557757,0.061151,0.827748,3.690746,-0.532446,0.791399,0.30031,-2.047961,-0.636716,-0.608232,0.473968,-3.011883,0.0,0.0,0.0,1.0
Hokuyo_0.csv, Hokuyo_8.csv,0.635843,-0.402485,0.658565,2.097469,0.633672,-0.214908,-0.74315,1.843293,0.440639,0.889843,0.118397,-0.072865,0.0,0.0,0.0,1.0
Hokuyo_0.csv, Hokuyo_8.csv,0.783478,-0.219133,0.5815,2.750297,-0.12847,0.858427,0.496586,-0.529877,-0.607995,-0.46377,0.644406,-0.671209,0.0,0.0,0.0,1.0
Hokuyo_1.csv, Hokuyo_16.csv,0.980831,0.033893,0.191889,4.790424,-0.121991,0.874706,0.46905,-0.226295,-0.15195,-0.483468,0.862074,0.849665,0.0,0.0,0.0,1.0
Hokuyo_1.csv, Hokuyo_16.csv,0.858377,-0.473591,-0.197235,4.00256,0.493691,0.867086,0.066566,2.197456,0.139495,-0.154513,0.978094,2.36063,0.0,0.0,0.0,1.0
Hokuyo_1.csv, Hokuyo_16.csv,0.973814,-0.17534,-0.144715,4.580605,0.208501,0.942543,0.261037,0.914076,0.090629,-0.284376,0.95442,2.029808,0.0,0.0,0.0,1.0
Hokuyo_1.csv, Hokuyo_16.csv,0.91833,-0.188606,-0.347993,3.959221,0.097265,0.959747,-0.263491,-0.194672,0.38368,0.208123,0.899708,3.179059,0.0,0.0,0.0,1.0
Hokuyo_1.csv, Hokuyo_16.csv,0.994074,-0.086328,-0.066062,4.740832,0.101228,0.956633,0.273141,0.579664,0.039618,-0.278211,0.959704,1.829455,0.0,0.0,0.0,1.0
Hokuyo_1.csv, Hokuyo_16.csv,0.976301,-0.055186,-0.209266,4.334871,0.018818,0.984928,-0.171945,-0.498502,0.2156,0.16393,0.962623,2.497179,0.0,0.0,0.0,1.0
Hokuyo_1.csv, Hokuyo_16.csv,0.973022,-0.211176,0.092911,4.846582,0.174977,0.937951,0.299385,1.042982,-0.150369,-0.275053,0.949598,0.981375,0.0,0.0,0.0,1.0
Hokuyo_1.csv, Hokuyo_16.csv,0.917408,-0.081581,-0.389497,3.748331,-0.228945,0.69236,-0.684267,-2.175022,0.325495,0.716925,0.616498,2.43215,0.0,0.0,0.0,1.0
Hokuyo_1.csv, Hokuyo_16.csv,0.864706,-0.217883,0.452559,4.964454,0.444931,0.750361,-0.488873,1.31777,-0.233066,0.624089,0.745785,0.036577,0.0,0.0,0.0,1.0
Hokuyo_1.csv, Hokuyo_16.csv,0.680263,-0.699937,0.217557,3.049437,0.727989,0.610656,-0.31166,1.701557,0.085289,0.370389,0.924953,1.015802,0.0,0.0,0.0,1.0
Hokuyo_1.csv, Hokuyo_16.csv,0.642733,-0.244445,0.726045,4.704498,0.452741,0.885721,-0.102589,0.992075,-0.617996,0.394647,0.679953,-2.471676,0.0,0.0,0.0,1.0
Hokuyo_1.csv, Hokuyo_16.csv,0.993047,0.063998,0.098802,4.788448,-0.102393,0.88369,0.456736,-0.004103,-0.058081,-0.463678,0.884099,2.597814,0.0,0.0,0.0,1.0
Hokuyo_1.csv, Hokuyo_16.csv,0.942691,-0.311504,-0.119575,4.219194,0.306916,0.950117,-0.055515,0.780926,0.130903,0.015633,0.991272,2.448728,0.0,0.0,0.0,1.0
Hokuyo_1.csv, Hokuyo_16.csv,0.896157,0.135165,0.422649,4.773516,-0.217674,0.963911,0.153277,-1.66208,-0.386679,-0.229361,0.893238,-1.81396,0.0,0.0,0.0,1.0
Hokuyo_1.csv, Hokuyo_16.csv,0.510814,-0.571043,0.642635,2.650093,0.69343,0.715536,0.084634,4.686416,-0.508158,0.402389,0.761484,-1.475822,0.0,0.0,0.0,1.0
Hokuyo_1.csv, Hokuyo_16.csv,0.38546,0.30406,-0.871188,0.595429,-0.623549,-0.610109,-0.488829,-4.264711,-0.680153,0.731653,-0.045577,-4.654633,0.0,0.0,0.0,1.0
Hokuyo_1.csv, Hokuyo_16.csv,0.974195,-0.17712,-0.139906,5.65669,0.219522,0.599368,0.769784,1.693982,-0.052489,-0.780633,0.622783,1.439956,0.0,0.0,0.0,1.0
Hokuyo_1.csv, Hokuyo_16.csv,0.927629,0.240906,0.285427,5.504378,-0.293559,0.942732,0.158373,-2.557375,-0.230928,-0.230702,0.945224,0.713161,0.0,0.0,0.0,1.0
Hokuyo_1.csv, Hokuyo_16.csv,0.909109,-0.092933,-0.406059,3.560423,0.332271,0.749691,0.572328,3.226277,0.251231,-0.655231,0.71243,4.988076,0.0,0.0,0.0,1.0
Hokuyo_1.csv, Hokuyo_16.csv,0.23564,0.17604,-0.955763,1.082427,-0.170062,0.975752,0.137794,-2.255636,0.956845,0.13007,0.259864,3.804541,0.0,0.0,0.0,1.0
Hokuyo_19.csv, Hokuyo_27.csv,0.524748,-0.850346,-0.039403,3.063479,0.845084,0.514818,0.144211,0.165898,-0.102344,-0.108972,0.988763,0.328696,0.0,0.0,0.0,1.0
Hokuyo_19.csv, Hokuyo_27.csv,0.10534,-0.979819,0.169883,2.676479,0.994148,0.107879,0.005762,1.711162,-0.023972,0.168282,0.985448,-0.067598,0.0,0.0,0.0,1.0
Hokuyo_19.csv, Hokuyo_27.csv,0.22026,-0.97414,-0.050386,2.880159,0.965673,0.225055,-0.129726,1.266,0.137712,-0.020081,0.990269,0.627588,0.0,0.0,0.0,1.0
Hokuyo_19.csv, Hokuyo_27.csv,0.556124,-0.687325,-0.46724,2.593837,0.830502,0.48092,0.281042,0.439431,0.031537,-0.544336,0.838274,1.699928,0.0,0.0,0.0,1.0
Hokuyo_19.csv, Hokuyo_27.csv,0.268069,-0.882482,-0.386479,2.510749,0.962443,0.227421,0.148275,1.275075,-0.042956,-0.411711,0.910302,1.323612,0.0,0.0,0.0,1.0
Hokuyo_19.csv, Hokuyo_27.csv,0.313458,-0.921995,-0.227311,2.724879,0.94237,0.272538,0.19407,1.299174,-0.116981,-0.275043,0.954289,0.740447,0.0,0.0,0.0,1.0
Hokuyo_19.csv, Hokuyo_27.csv,0.615327,-0.784466,-0.077382,3.351354,0.63923,0.439131,0.631309,-0.749343,-0.46126,-0.437925,0.771662,0.662997,0.0,0.0,0.0,1.0
Hokuyo_19.csv, Hokuyo_27.csv,0.248663,-0.882725,-0.398705,3.142721,0.965126,0.260598,0.024968,0.999139,0.081862,-0.391008,0.916739,1.680584,0.0,0.0,0.0,1.0
Hokuyo_19.csv, Hokuyo_27.csv,0.468661,-0.410956,-0.781967,1.534904,0.790498,0.590214,0.163591,0.562782,0.3943,-0.694812,0.601469,4.117898,0.0,0.0,0.0,1.0
Hokuyo_19.csv, Hokuyo_27.csv,0.52892,-0.610596,0.589421,2.186971,0.760071,0.64978,-0.008928,-0.103304,-0.377543,0.452725,0.807777,-2.387724,0.0,0.0,0.0,1.0
Hokuyo_19.csv, Hokuyo_27.csv,0.153288,-0.879022,-0.45147,2.234504,0.896195,0.316149,-0.311265,1.15601,0.416341,-0.356891,0.836236,1.620053,0.0,0.0,0.0,1.0
Hokuyo_19.csv, Hokuyo_27.csv,0.493977,-0.677318,-0.545187,3.113798,0.869345,0.373887,0.323184,1.33364,-0.01506,-0.633601,0.773514,1.336293,0.0,0.0,0.0,1.0
Hokuyo_19.csv, Hokuyo_27.csv,0.023651,-0.999708,0.00522,1.735609,0.993543,0.022924,-0.111129,0.911357,0.110976,0.007816,0.993792,-0.070566,0.0,0.0,0.0,1.0
Hokuyo_19.csv, Hokuyo_27.csv,-0.857893,-0.208831,-0.469479,-1.732033,0.416144,-0.818338,-0.396422,2.355559,-0.301406,-0.535456,0.788948,0.365658,0.0,0.0,0.0,1.0
Hokuyo_19.csv, Hokuyo_27.csv,0.264395,-0.961532,-0.074524,1.725229,0.524577,0.07854,0.847733,0.494785,-0.809269,-0.263229,0.525162,-3.211207,0.0,0.0,0.0,1.0
Hokuyo_19.csv, Hokuyo_27.csv,0.430486,-0.759428,0.487803,1.46594,0.868981,0.494836,0.003504,-0.9949,-0.244044,0.422384,0.872947,0.136372,0.0,0.0,0.0,1.0
Hokuyo_19.csv, Hokuyo_27.csv,-0.280593,-0.834765,-0.473747,0.507767,0.954415,-0.295002,-0.045477,3.543995,-0.101793,-0.464911,0.879486,0.362555,0.0,0.0,0.0,1.0
Hokuyo_19.csv, Hokuyo_27.csv,0.073401,-0.952119,-0.296787,2.575147,0.841235,-0.100731,0.531207,3.155049,-0.535668,-0.288657,0.79356,0.420513,0.0,0.0,0.0,1.0
Hokuyo_19.csv, Hokuyo_27.csv,0.728773,-0.587849,0.351176,3.318972,0.369656,0.769442,0.52088,-0.883919,-0.576408,-0.249788,0.778049,-0.136761,0.0,0.0,0.0,1.0
Hokuyo_15.csv, Hokuyo_19.csv,0.788142,0.230318,0.570776,1.647719,-0.051333,0.948712,-0.311943,-0.300201,-0.613349,0.216557,0.759543,-0.818443,0.0,0.0,0.0,1.0
Hokuyo_15.csv, Hokuyo_19.csv,0.888073,-0.141196,0.43748,1.73388,0.206973,0.972558,-0.106261,0.287527,-0.410471,0.184915,0.892928,-0.194433,0.0,0.0,0.0,1.0
Hokuyo_15.csv, Hokuyo_19.csv,0.927645,-0.295937,0.227807,1.911939,0.285575,0.955179,0.07796,0.307471,-0.240667,-0.007263,0.97058,0.173447,0.0,0.0,0.0,1.0
Hokuyo_15.csv, Hokuyo_19.csv,0.88918,-0.178657,0.421238,1.820126,0.088769,0.970485,0.224224,0.148136,-0.448863,-0.161983,0.878796,-0.308261,0.0,0.0,0.0,1.0
Hokuyo_15.csv, Hokuyo_19.csv,0.966264,-0.028633,0.255958,1.937534,0.000608,0.994051,0.108904,-0.05846,-0.257552,-0.105074,0.960534,0.19886,0.0,0.0,0.0,1.0
Hokuyo_15.csv, Hokuyo_19.csv,0.754592,-0.127096,0.643768,1.627278,0.145152,0.989089,0.02513,0.038196,-0.639938,0.074482,0.764807,-0.756976,0.0,0.0,0.0,1.0
Hokuyo_15.csv, Hokuyo_19.csv,0.63706,-0.145993,0.756863,1.887522,-0.214882,0.909338,0.356272,0.128605,-0.740257,-0.389601,0.547932,-0.645089,0.0,0.0,0.0,1.0
Hokuyo_15.csv, Hokuyo_19.csv,0.938583,-0.171653,0.299326,0.539329,-0.004655,0.861103,0.508408,-0.099923,-0.345019,-0.478576,0.807419,0.353474,0.0,0.0,0.0,1.0
Hokuyo_15.csv, Hokuyo_19.csv,0.952671,0.27797,-0.12308,2.613754,-0.303894,0.881542,-0.361292,-1.142638,0.008072,0.381595,0.924294,0.850404,0.0,0.0,0.0,1.0
Hokuyo_15.csv, Hokuyo_19.csv,0.655105,-0.203758,0.727544,1.130117,0.242883,0.968628,0.052576,-0.065752,-0.715433,0.142266,0.684044,-0.669528,0.0,0.0,0.0,1.0
Hokuyo_15.csv, Hokuyo_19.csv,0.912244,-0.387439,-0.133048,1.876722,0.409513,0.870796,0.272049,0.612053,0.010457,-0.30266,0.953042,0.731389,0.0,0.0,0.0,1.0
Hokuyo_15.csv, Hokuyo_19.csv,0.631587,-0.185329,0.75283,1.975558,-0.433207,0.720931,0.540915,-1.481403,-0.642985,-0.667764,0.375045,-1.039926,0.0,0.0,0.0,1.0
Hokuyo_15.csv, Hokuyo_19.csv,0.885977,-0.463729,0.000789,1.576112,0.459508,0.877681,-0.136106,0.648948,0.062424,0.120949,0.990694,-0.573538,0.0,0.0,0.0,1.0
Hokuyo_15.csv, Hokuyo_19.csv,0.280762,-0.212308,0.936001,1.659564,0.871615,0.464688,-0.156045,0.889348,-0.40182,0.859644,0.315518,-0.668024,0.0,0.0,0.0,1.0
Hokuyo_15.csv, Hokuyo_19.csv,0.012394,0.019946,0.999724,-0.531777,-0.389301,0.92101,-0.01355,-0.39804,-0.921027,-0.389025,0.01918,-2.156716,0.0,0.0,0.0,1.0
Hokuyo_15.csv, Hokuyo_19.csv,0.620235,-0.068692,-0.781402,0.452731,0.248513,0.96205,0.112685,-1.995589,0.744009,-0.26408,0.61377,2.961247,0.0,0.0,0.0,1.0
Hokuyo_15.csv, Hokuyo_19.csv,0.649618,0.387683,0.653986,1.802218,0.048681,0.837235,-0.544671,0.762587,-0.7587,0.385665,0.52501,-1.073626,0.0,0.0,0.0,1.0
Hokuyo_15.csv, Hokuyo_19.csv,0.806906,0.032686,-0.589773,1.524025,0.317014,0.818517,0.479093,0.883383,0.498401,-0.573549,0.650106,0.362637,0.0,0.0,0.0,1.0
Hokuyo_15.csv, Hokuyo_19.csv,0.912299,-0.177358,0.369126,2.693724,0.277986,0.930077,-0.240162,0.185746,-0.300721,0.321712,0.897813,-0.707457,0.0,0.0,0.0,1.0
Hokuyo_2.csv, Hokuyo_11.csv,0.884954,-0.019914,-0.465254,2.98999,-0.059736,0.985976,-0.155828,0.192197,0.461834,0.165693,0.871353,-0.603687,0.0,0.0,0.0,1.0
Hokuyo_2.csv, Hokuyo_11.csv,0.730086,-0.302087,-0.612958,2.849432,0.109406,0.937084,-0.331517,0.82346,0.674542,0.174975,0.717202,0.128142,0.0,0.0,0.0,1.0
Hokuyo_2.csv, Hokuyo_11.csv,0.551652,-0.423044,-0.718828,2.779992,0.577174,0.815775,-0.037158,1.505605,0.602123,-0.394389,0.694195,0.162854,0.0,0.0,0.0,1.0
Hokuyo_2.csv, Hokuyo_11.csv,0.456284,0.092108,-0.885054,2.853511,0.215118,0.953707,0.210157,-0.068699,0.863442,-0.28628,0.415348,1.210636,0.0,0.0,0.0,1.0
Hokuyo_2.csv, Hokuyo_11.csv,0.789532,-0.280759,-0.545723,2.895356,0.298712,0.952584,-0.057914,0.886739,0.536109,-0.117287,0.835961,-0.150561,0.0,0.0,0.0,1.0
Hokuyo_2.csv, Hokuyo_11.csv,0.560698,-0.103897,-0.821477,3.057529,0.081237,0.994212,-0.070296,0.02161,0.824027,-0.027318,0.565893,0.757029,0.0,0.0,0.0,1.0
