reference, reading, iT00, iT01, iT02, iT03, iT10, iT11, iT12, iT13, iT20, iT21, iT22, iT23, iT30, iT31, iT32, iT33
Hokuyo_18.csv, Hokuyo_12.csv,0.961466,-0.182649,0.205477,-2.995308,0.072315,0.889108,0.45195,-1.76604,-0.265241,-0.419676,0.868055,1.411448,0.0,0.0,0.0,1.0
Hokuyo_18.csv, Hokuyo_12.csv,0.732402,-0.657598,-0.176499,-1.231421,0.674723,0.735739,0.058633,-3.269435,0.091299,-0.162031,0.982552,-0.093465,0.0,0.0,0.0,1.0
Hokuyo_18.csv, Hokuyo_12.csv,0.91119,-0.391756,-0.127504,-2.175442,0.411716,0.87703,0.247605,-2.883029,0.014822,-0.278112,0.960434,0.229309,0.0,0.0,0.0,1.0
Hokuyo_18.csv, Hokuyo_12.csv,0.85623,-0.396369,-0.331303,-2.001778,0.312542,0.9081,-0.278701,-2.277666,0.411323,0.135085,0.901423,-1.661568,0.0,0.0,0.0,1.0
Hokuyo_18.csv, Hokuyo_12.csv,0.950074,-0.307968,-0.050125,-2.471625,0.31021,0.915017,0.257905,-2.456731,-0.033562,-0.260579,0.964869,0.392523,0.0,0.0,0.0,1.0
Hokuyo_18.csv, Hokuyo_12.csv,0.941199,-0.276537,-0.194091,-2.554282,0.240799,0.952045,-0.188754,-2.196427,0.23698,0.130917,0.962653,-1.102913,0.0,0.0,0.0,1.0
Hokuyo_18.csv, Hokuyo_12.csv,0.899955,-0.4217,0.110673,-2.247596,0.377624,0.880834,0.285537,-2.559323,-0.217896,-0.215179,0.951955,0.987364,0.0,0.0,0.0,1.0
Hokuyo_18.csv, Hokuyo_12.csv,0.879738,-0.292714,-0.374671,-2.335292,-0.060961,0.712076,-0.699451,-0.568285,0.471532,0.638175,0.608595,-2.437339,0.0,0.0,0.0,1.0
Hokuyo_18.csv, Hokuyo_12.csv,0.789213,-0.396726,0.468774,-1.92393,0.606738,0.621697,-0.495341,-2.600068,-0.094921,0.675354,0.73136,-0.673874,0.0,0.0,0.0,1.0
Hokuyo_18.csv, Hokuyo_12.csv,0.50386,-0.829907,0.239539,-1.134965,0.849463,0.425785,-0.311639,-4.392798,0.156638,0.360502,0.919512,-1.925902,0.0,0.0,0.0,1.0
Hokuyo_18.csv, Hokuyo_12.csv,0.564144,-0.367398,0.739432,-0.935196,0.640724,0.759647,-0.111396,-3.908411,-0.520781,0.536616,0.663951,0.263844,0.0,0.0,0.0,1.0
Hokuyo_18.csv, Hokuyo_12.csv,0.98107,-0.157929,0.112069,-2.984766,0.093553,0.893226,0.439767,-1.687084,-0.169555,-0.420959,0.891092,2.376989,0.0,0.0,0.0,1.0
Hokuyo_18.csv, Hokuyo_12.csv,0.850092,-0.516963,-0.100454,-2.089615,0.512562,0.855988,-0.06757,-3.22365,0.120917,0.005951,0.992644,-0.283727,0.0,0.0,0.0,1.0
Hokuyo_18.csv, Hokuyo_12.csv,0.899278,-0.060354,0.433189,-2.964562,0.002293,0.991071,0.13332,-2.101966,-0.437368,-0.118899,0.891388,-0.016004,0.0,0.0,0.0,1.0
Hokuyo_18.csv, Hokuyo_12.csv,0.363257,-0.657797,0.659808,-1.236496,0.835227,0.543722,0.082229,-2.031336,-0.412842,0.52122,0.74692,0.2764,0.0,0.0,0.0,1.0
Hokuyo_18.csv, Hokuyo_12.csv,0.452693,0.192405,-0.87066,-1.372137,-0.739364,-0.464797,-0.487139,2.428146,-0.498408,0.86426,-0.068153,-0.828611,0.0,0.0,0.0,1.0
Hokuyo_18.csv, Hokuyo_12.csv,0.911113,-0.393479,-0.122659,-1.107206,0.340348,0.550442,0.762349,-2.421302,-0.232452,-0.736335,0.635435,2.226196,0.0,0.0,0.0,1.0
Hokuyo_18.csv, Hokuyo_12.csv,0.955048,0.032865,0.29462,-2.432191,-0.076456,0.987523,0.137681,-2.394503,-0.286419,-0.154019,0.945643,1.250176,0.0,0.0,0.0,1.0
Hokuyo_18.csv, Hokuyo_12.csv,0.869277,-0.302253,-0.391152,-2.410628,0.48593,0.667694,0.563965,-1.679434,0.090709,-0.680316,0.727284,3.094778,0.0,0.0,0.0,1.0
Hokuyo_18.csv, Hokuyo_12.csv,0.278871,0.099488,-0.955161,0.631054,0.051504,0.991639,0.118325,-3.049702,0.958946,-0.082191,0.271414,-4.099239,0.0,0.0,0.0,1.0
Hokuyo_31.csv, Hokuyo_44.csv,-0.994899,-0.029674,0.096413,-3.56791,0.024828,-0.998386,-0.051069,0.026107,0.097773,-0.048417,0.99403,0.308012,0.0,0.0,0.0,1.0
Hokuyo_31.csv, Hokuyo_44.csv,-0.861166,0.351331,0.367368,-3.121678,-0.415804,-0.902591,-0.111513,-1.261537,0.292404,-0.248787,0.923366,1.173275,0.0,0.0,0.0,1.0
Hokuyo_31.csv, Hokuyo_44.csv,-0.945802,0.292406,0.141267,-3.348212,-0.320764,-0.909081,-0.265861,-0.981623,0.050683,-0.296769,0.953603,0.239094,0.0,0.0,0.0,1.0
Hokuyo_31.csv, Hokuyo_44.csv,-0.932335,-0.053717,-0.357583,-3.336883,0.022613,-0.99563,0.090607,0.193482,-0.360887,0.076387,0.929475,-1.260034,0.0,0.0,0.0,1.0
Hokuyo_31.csv, Hokuyo_44.csv,-0.939369,0.271334,-0.209675,-3.453233,-0.278338,-0.960476,0.004062,-0.886406,-0.200285,0.062174,0.977763,-0.613965,0.0,0.0,0.0,1.0
Hokuyo_31.csv, Hokuyo_44.csv,-0.973882,0.221309,-0.050733,-3.587247,-0.223427,-0.973872,0.040683,-0.528756,-0.040404,0.050953,0.997883,-0.160102,0.0,0.0,0.0,1.0
Hokuyo_31.csv, Hokuyo_44.csv,-0.990614,-0.13167,0.036698,-3.247217,0.133776,-0.878805,0.458048,-0.462944,-0.02806,0.458656,0.888169,0.052973,0.0,0.0,0.0,1.0
Hokuyo_31.csv, Hokuyo_44.csv,-0.931362,0.290361,-0.219672,-2.755533,-0.268767,-0.955295,-0.123193,-1.014431,-0.245622,-0.055699,0.967764,-0.589094,0.0,0.0,0.0,1.0
Hokuyo_31.csv, Hokuyo_44.csv,-0.697127,-0.052599,-0.715016,-2.611602,0.119376,-0.991899,-0.04342,1.043453,-0.70694,-0.115628,0.697758,-1.036785,0.0,0.0,0.0,1.0
Hokuyo_31.csv, Hokuyo_44.csv,-0.705997,-0.269057,0.655116,-2.985418,0.161387,-0.961807,-0.22109,0.780438,0.689581,-0.050362,0.722455,1.669449,0.0,0.0,0.0,1.0
Hokuyo_31.csv, Hokuyo_44.csv,-0.886834,0.380114,-0.262752,-3.311819,-0.233311,-0.85915,-0.455441,-0.374517,-0.398863,-0.342601,0.850608,-1.680113,0.0,0.0,0.0,1.0
Hokuyo_31.csv, Hokuyo_44.csv,-0.902955,0.009403,-0.429631,-2.554922,-0.082141,-0.985104,0.151076,0.361227,-0.421811,0.171703,0.890277,-1.967541,0.0,0.0,0.0,1.0
Hokuyo_31.csv, Hokuyo_44.csv,-0.859246,0.462135,0.219377,-3.91591,-0.50385,-0.838711,-0.206637,-2.558098,0.0885,-0.288087,0.953506,-0.20678,0.0,0.0,0.0,1.0
Hokuyo_31.csv, Hokuyo_44.csv,0.195876,0.923414,-0.330061,0.086153,-0.962033,0.115711,-0.247193,-3.785832,-0.190069,0.365945,0.911018,-1.35853,0.0,0.0,0.0,1.0
Hokuyo_31.csv, Hokuyo_44.csv,-0.961032,0.253207,0.110919,-4.596949,-0.083274,-0.647784,0.757261,-0.767008,0.263596,0.718514,0.643625,-1.651323,0.0,0.0,0.0,1.0
Hokuyo_31.csv, Hokuyo_44.csv,-0.796089,-0.093628,0.597893,-4.203808,-0.023955,-0.982311,-0.185719,-1.362953,0.604706,-0.162172,0.779764,3.558915,0.0,0.0,0.0,1.0
Hokuyo_31.csv, Hokuyo_44.csv,-0.630651,0.733645,-0.25307,-3.236841,-0.74434,-0.664092,-0.070292,-1.540889,-0.219632,0.144038,0.96489,-1.66654,0.0,0.0,0.0,1.0
Hokuyo_31.csv, Hokuyo_44.csv,-0.886429,0.45421,-0.089081,-3.056882,-0.441304,-0.771287,0.458663,-0.313646,0.139624,0.445882,0.884133,0.914194,0.0,0.0,0.0,1.0
Hokuyo_31.csv, Hokuyo_44.csv,-0.822074,-0.405368,0.399841,-2.497949,0.536301,-0.78714,0.30462,2.18703,0.191249,0.464852,0.864485,0.716461,0.0,0.0,0.0,1.0
Hokuyo_39.csv, Hokuyo_13.csv,0.16233,-0.971986,0.169986,0.357792,0.965026,0.120447,-0.232846,-1.254841,0.205849,0.201839,0.957542,-0.470518,0.0,0.0,0.0,1.0
Hokuyo_39.csv, Hokuyo_13.csv,-0.206102,-0.978526,-0.003196,0.768006,0.96575,-0.202883,-0.16176,-1.034897,0.157638,-0.036428,0.986825,-0.073677,0.0,0.0,0.0,1.0
Hokuyo_39.csv, Hokuyo_13.csv,-0.351441,-0.911731,-0.212691,1.110315,0.935068,-0.353051,-0.03166,-1.120283,-0.046225,-0.21001,0.976606,0.296798,0.0,0.0,0.0,1.0
Hokuyo_39.csv, Hokuyo_13.csv,-0.242677,-0.969918,-0.019212,0.898009,0.952144,-0.24193,0.18679,-1.089918,-0.185819,0.027035,0.982211,0.251402,0.0,0.0,0.0,1.0
Hokuyo_39.csv, Hokuyo_13.csv,-0.088118,-0.976307,-0.197642,0.784029,0.985871,-0.113855,0.122869,-1.198873,-0.14246,-0.184024,0.972542,0.454177,0.0,0.0,0.0,1.0
Hokuyo_39.csv, Hokuyo_13.csv,-0.196382,-0.950422,0.241113,0.767218,0.978362,-0.206265,-0.016199,-1.252741,0.065129,0.232714,0.970361,-0.218386,0.0,0.0,0.0,1.0
Hokuyo_39.csv, Hokuyo_13.csv,-0.215491,-0.893517,0.393946,1.167877,0.898811,-0.023794,0.437691,-0.704888,-0.38171,0.4484,0.808228,0.572983,0.0,0.0,0.0,1.0
Hokuyo_39.csv, Hokuyo_13.csv,-0.231711,-0.961121,-0.150187,-0.427795,0.832721,-0.275783,0.480124,-1.153824,-0.502877,-0.013816,0.864247,1.159863,0.0,0.0,0.0,1.0
Hokuyo_39.csv, Hokuyo_13.csv,0.238089,-0.817911,-0.52377,1.196658,0.912677,0.372846,-0.167354,-1.714665,0.332166,-0.43819,0.835258,0.249635,0.0,0.0,0.0,1.0
Hokuyo_39.csv, Hokuyo_13.csv,-0.27245,-0.893008,0.358204,0.459393,0.951848,-0.304538,-0.035241,-1.453826,0.140557,0.331353,0.932978,-0.104128,0.0,0.0,0.0,1.0
Hokuyo_39.csv, Hokuyo_13.csv,-0.423202,-0.733467,-0.531907,1.25931,0.834868,-0.54376,0.085563,-0.900753,-0.351987,-0.407864,0.842468,0.894245,0.0,0.0,0.0,1.0
Hokuyo_39.csv, Hokuyo_13.csv,-0.254257,-0.88425,0.391737,1.307428,0.711717,0.103181,0.694847,-1.876795,-0.654838,0.455475,0.603099,0.40699,0.0,0.0,0.0,1.0
Hokuyo_39.csv, Hokuyo_13.csv,-0.505008,-0.763665,-0.402221,1.05242,0.860579,-0.40981,-0.302423,-0.859566,0.066116,-0.498871,0.864151,-0.956206,0.0,0.0,0.0,1.0
Hokuyo_39.csv, Hokuyo_13.csv,-0.27391,-0.648541,0.710189,1.404281,0.429935,-0.743109,-0.51278,-0.636787,0.860307,0.164879,0.482374,-1.21761,0.0,0.0,0.0,1.0
Hokuyo_39.csv, Hokuyo_13.csv,-0.03271,-0.451352,0.891746,-0.743057,0.938041,0.294096,0.183262,-0.974272,-0.344976,0.842491,0.413765,-0.633687,0.0,0.0,0.0,1.0
Hokuyo_39.csv, Hokuyo_13.csv,-0.057547,-0.208154,-0.976401,-0.066226,0.941889,-0.33554,0.01602,-3.393367,-0.330956,-0.918742,0.215369,2.273353,0.0,0.0,0.0,1.0
Hokuyo_39.csv, Hokuyo_13.csv,0.321602,-0.894764,0.309793,0.483981,0.86115,0.140356,-0.488591,-0.143948,0.393692,0.42391,0.815662,-0.703837,0.0,0.0,0.0,1.0
Hokuyo_39.csv, Hokuyo_13.csv,0.024676,-0.466234,-0.884316,0.636922,0.776374,-0.548336,0.310761,-0.497303,-0.629789,-0.694229,0.348442,0.307392,0.0,0.0,0.0,1.0
Hokuyo_39.csv, Hokuyo_13.csv,-0.239776,-0.967839,-0.076125,1.751917,0.926943,-0.204924,-0.314295,-1.149326,0.288587,-0.145926,0.946268,-0.8714,0.0,0.0,0.0,1.0
Hokuyo_14.csv, Hokuyo_27.csv,-0.92038,-0.094085,0.379535,1.409295,0.036842,-0.98717,-0.155371,0.041787,0.389282,-0.129017,0.912038,-0.62683,0.0,0.0,0.0,1.0
Hokuyo_14.csv, Hokuyo_27.csv,-0.967868,0.186472,0.168693,1.410573,-0.210529,-0.967781,-0.138128,0.312278,0.1375,-0.169205,0.975942,-0.307899,0.0,0.0,0.0,1.0
Hokuyo_14.csv, Hokuyo_27.csv,-0.949273,0.31251,-0.03489,1.527425,-0.298705,-0.861502,0.410597,0.571372,0.098257,0.400192,0.911149,-0.120059,0.0,0.0,0.0,1.0
Hokuyo_14.csv, Hokuyo_27.csv,-0.953758,-0.20511,-0.219713,1.549565,0.1367,-0.947011,0.290662,-0.329807,-0.267688,0.247187,0.931259,0.342707,0.0,0.0,0.0,1.0
Hokuyo_14.csv, Hokuyo_27.csv,-0.951978,0.166038,0.257232,1.420333,-0.120858,-0.975742,0.182544,0.310666,0.2813,0.14269,0.948952,-0.269729,0.0,0.0,0.0,1.0
Hokuyo_14.csv, Hokuyo_27.csv,-0.99519,-0.013852,-0.096968,1.677961,0.013184,-0.999886,0.007525,-0.264049,-0.097062,0.006211,0.995259,0.024264,0.0,0.0,0.0,1.0
Hokuyo_14.csv, Hokuyo_27.csv,-0.961613,0.258105,-0.09318,2.362652,-0.217249,-0.923518,-0.316099,0.455374,-0.167641,-0.283721,0.94414,0.929267,0.0,0.0,0.0,1.0
Hokuyo_14.csv, Hokuyo_27.csv,-0.991494,-0.076077,-0.105595,1.749743,0.117119,-0.875398,-0.469002,-0.181902,-0.056758,-0.477381,0.876861,0.299677,0.0,0.0,0.0,1.0
Hokuyo_14.csv, Hokuyo_27.csv,-0.977684,0.200357,-0.063154,1.973721,-0.20517,-0.975273,0.082155,0.228717,-0.045132,0.09328,0.994617,0.108953,0.0,0.0,0.0,1.0
Hokuyo_14.csv, Hokuyo_27.csv,-0.935964,-0.276543,0.217934,1.683986,0.11416,-0.823875,-0.555158,0.36985,0.333075,-0.494729,0.802685,-0.901097,0.0,0.0,0.0,1.0
Hokuyo_14.csv, Hokuyo_27.csv,-0.861903,-0.013896,-0.506882,1.929524,-0.315458,-0.767939,0.557456,0.994806,-0.397001,0.640374,0.657505,0.124286,0.0,0.0,0.0,1.0
Hokuyo_14.csv, Hokuyo_27.csv,-0.834748,-0.423252,0.352212,1.049122,0.316968,-0.892402,-0.321174,-1.157479,0.45025,-0.156459,0.879087,-0.700351,0.0,0.0,0.0,1.0
Hokuyo_14.csv, Hokuyo_27.csv,-0.593995,-0.529816,0.605364,0.516722,0.789501,-0.528402,0.312215,-2.257398,0.154458,0.663392,0.732158,-1.161568,0.0,0.0,0.0,1.0
Hokuyo_14.csv, Hokuyo_27.csv,-0.173569,0.882306,-0.437505,-0.044272,-0.637619,0.237889,0.732701,2.159699,0.750543,0.406137,0.521284,-1.852271,0.0,0.0,0.0,1.0
Hokuyo_14.csv, Hokuyo_27.csv,-0.910973,-0.132672,0.390545,0.315736,-0.154474,-0.768206,-0.621288,-0.197697,0.382446,-0.626305,0.67932,1.76518,0.0,0.0,0.0,1.0
Hokuyo_14.csv, Hokuyo_27.csv,-0.912692,-0.338124,0.22949,1.092474,0.406096,-0.687815,0.601662,0.720935,-0.04559,0.642328,0.765074,0.490408,0.0,0.0,0.0,1.0
Hokuyo_14.csv, Hokuyo_27.csv,-0.017946,-0.822735,-0.568144,-0.673949,0.646544,-0.442992,0.621078,-1.612977,-0.762665,-0.356184,0.539884,2.230156,0.0,0.0,0.0,1.0
Hokuyo_14.csv, Hokuyo_27.csv,-0.174869,-0.95111,-0.254582,-0.506999,0.68508,-0.303247,0.662349,0.712843,-0.707167,-0.058584,0.704615,0.707803,0.0,0.0,0.0,1.0
Hokuyo_14.csv, Hokuyo_27.csv,-0.182648,0.05596,-0.981585,-1.671723,-0.455161,-0.889762,0.033968,1.454217,-0.871474,0.452984,0.187985,0.466416,0.0,0.0,0.0,1.0
Hokuyo_30.csv, Hokuyo_12.csv,-0.329165,0.901786,-0.280054,-0.964499,-0.877132,-0.40184,-0.262987,1.909962,-0.349697,0.159079,0.923259,0.200089,0.0,0.0,0.0,1.0
Hokuyo_30.csv, Hokuyo_12.csv,-0.530334,0.815755,-0.230845,-0.467689,-0.8415,-0.539612,0.026364,1.867664,-0.103062,0.208237,0.972633,-0.17203,0.0,0.0,0.0,1.0
Hokuyo_30.csv, Hokuyo_12.csv,-0.759874,0.622218,0.18824,-0.034842,-0.643867,-0.760284,-0.08604,2.018427,0.089578,-0.186581,0.978346,0.161202,0.0,0.0,0.0,1.0
Hokuyo_30.csv, Hokuyo_12.csv,-0.408514,0.876697,-0.254,-0.687682,-0.891193,-0.443235,-0.096523,1.770135,-0.197205,0.186933,0.962375,-0.222101,0.0,0.0,0.0,1.0
Hokuyo_30.csv, Hokuyo_12.csv,-0.491903,0.868383,0.062784,-0.626216,-0.863522,-0.477399,-0.162536,1.77945,-0.111172,-0.134167,0.984703,0.530451,0.0,0.0,0.0,1.0
Hokuyo_30.csv, Hokuyo_12.csv,-0.430793,0.880857,-0.196233,-0.927357,-0.881249,-0.457464,-0.11885,1.665284,-0.19446,0.121731,0.973328,0.036811,0.0,0.0,0.0,1.0
Hokuyo_30.csv, Hokuyo_12.csv,-0.24214,0.969139,-0.046228,-1.080549,-0.970006,-0.242855,-0.010436,1.66972,-0.021342,0.042315,0.998876,0.101942,0.0,0.0,0.0,1.0
Hokuyo_30.csv, Hokuyo_12.csv,-0.564339,0.821042,0.086084,-1.546645,-0.819922,-0.56959,0.057415,1.394713,0.096171,-0.03818,0.994632,-0.996634,0.0,0.0,0.0,1.0
Hokuyo_30.csv, Hokuyo_12.csv,0.275855,0.918138,-0.284475,-3.060562,-0.733074,0.392384,0.555552,0.414788,0.621695,0.055291,0.781304,-0.558945,0.0,0.0,0.0,1.0
Hokuyo_30.csv, Hokuyo_12.csv,-0.081495,0.949884,-0.30179,-1.236024,-0.940154,-0.173782,-0.293098,0.093123,-0.330856,0.259843,0.907202,-0.403815,0.0,0.0,0.0,1.0
Hokuyo_30.csv, Hokuyo_12.csv,-0.66823,0.699535,-0.253212,-0.011651,-0.698315,-0.707166,-0.110783,1.513354,-0.256561,0.102792,0.961047,0.390039,0.0,0.0,0.0,1.0
Hokuyo_30.csv, Hokuyo_12.csv,-0.35079,0.861255,-0.367675,-1.177811,-0.934353,-0.295614,0.198989,2.572892,0.062689,0.413342,0.908415,-1.306917,0.0,0.0,0.0,1.0
Hokuyo_30.csv, Hokuyo_12.csv,0.042258,0.984043,0.172837,-1.499605,-0.954606,-0.011288,0.297659,1.771399,0.294859,-0.17757,0.938896,0.48872,0.0,0.0,0.0,1.0
Hokuyo_30.csv, Hokuyo_12.csv,0.427484,0.898978,0.095378,-0.912817,-0.870889,0.437819,-0.223305,1.579098,-0.242506,0.012395,0.970071,-0.137725,0.0,0.0,0.0,1.0
Hokuyo_30.csv, Hokuyo_12.csv,-0.034624,0.120099,-0.992157,-0.716535,-0.497957,0.858673,0.12132,0.240587,0.86651,0.498254,0.030072,-1.903152,0.0,0.0,0.0,1.0
Hokuyo_30.csv, Hokuyo_12.csv,0.200782,0.282397,0.93805,-0.722177,-0.836961,0.547069,0.014452,-0.541653,-0.509097,-0.788014,0.346198,2.632401,0.0,0.0,0.0,1.0
Hokuyo_30.csv, Hokuyo_12.csv,-0.385937,0.449975,0.805342,1.180407,-0.371084,-0.874957,0.311041,1.76958,0.844599,-0.178807,0.504656,-2.185995,0.0,0.0,0.0,1.0
Hokuyo_30.csv, Hokuyo_12.csv,-0.038859,0.768479,0.638695,-1.727293,-0.150655,0.627365,-0.764013,-0.772202,-0.987822,-0.125913,0.091398,0.223665,0.0,0.0,0.0,1.0
Hokuyo_30.csv, Hokuyo_12.csv,-0.270868,0.78722,0.553999,-1.183587,-0.657174,-0.571756,0.491139,1.74101,0.703386,-0.23104,0.67221,0.290643,0.0,0.0,0.0,1.0
Hokuyo_14.csv, Hokuyo_25.csv,-0.189403,-0.963749,0.187921,2.075305,0.880717,-0.082128,0.466468,-1.274471,-0.434125,0.253855,0.864345,0.053325,0.0,0.0,0.0,1.0
Hokuyo_14.csv, Hokuyo_25.csv,-0.656756,-0.727386,-0.198946,2.560855,0.732375,-0.678108,0.061602,0.351534,-0.179716,-0.105246,0.978071,0.458325,0.0,0.0,0.0,1.0
Hokuyo_14.csv, Hokuyo_25.csv,-0.39241,-0.907817,-0.14792,2.584903,0.871154,-0.418425,0.256925,-0.62085,-0.295136,-0.028042,0.955042,0.366717,0.0,0.0,0.0,1.0
Hokuyo_14.csv, Hokuyo_25.csv,-0.393231,-0.849833,-0.350931,2.451144,0.91187,-0.31159,-0.267218,-0.580532,0.117744,-0.425082,0.897463,0.594195,0.0,0.0,0.0,1.0
Hokuyo_14.csv, Hokuyo_25.csv,-0.310134,-0.948136,-0.069659,2.507043,0.909283,-0.317217,0.269401,-0.725641,-0.277527,0.02021,0.960505,0.276693,0.0,0.0,0.0,1.0
Hokuyo_14.csv, Hokuyo_25.csv,-0.276128,-0.937244,-0.212899,2.367887,0.954448,-0.24134,-0.175454,-0.866237,0.113061,-0.25165,0.961191,0.238761,0.0,0.0,0.0,1.0
Hokuyo_14.csv, Hokuyo_25.csv,-0.426533,-0.899999,0.08983,2.471385,0.874396,-0.384912,0.29542,-0.473304,-0.231303,0.204553,0.951133,-0.09752,0.0,0.0,0.0,1.0
Hokuyo_14.csv, Hokuyo_25.csv,-0.288901,-0.873063,-0.392804,2.246234,0.724554,0.068784,-0.685776,-0.891566,0.625745,-0.48273,0.612709,0.151548,0.0,0.0,0.0,1.0
Hokuyo_14.csv, Hokuyo_25.csv,-0.407548,-0.794654,0.449921,2.24384,0.628391,-0.601537,-0.49323,0.606163,0.662593,0.081711,0.744509,-1.057306,0.0,0.0,0.0,1.0
Hokuyo_14.csv, Hokuyo_25.csv,-0.835664,-0.504415,0.217329,1.474149,0.428463,-0.84626,-0.316642,0.092634,0.343636,-0.17149,0.923311,-0.992814,0.0,0.0,0.0,1.0
Hokuyo_14.csv, Hokuyo_25.csv,-0.382286,-0.573716,0.724366,2.071648,0.759404,-0.641684,-0.107454,-0.479192,0.526464,0.509008,0.680988,-2.381258,0.0,0.0,0.0,1.0
Hokuyo_14.csv, Hokuyo_25.csv,-0.163095,-0.982056,0.094683,2.183224,0.884981,-0.103198,0.454046,-1.084274,-0.436129,0.157844,0.885932,1.525085,0.0,0.0,0.0,1.0
Hokuyo_14.csv, Hokuyo_25.csv,-0.517876,-0.846684,-0.122183,2.340858,0.855371,-0.514525,-0.060034,-0.458448,-0.012037,-0.135603,0.990689,0.438626,0.0,0.0,0.0,1.0
Hokuyo_14.csv, Hokuyo_25.csv,-0.07096,-0.905367,0.418656,1.80754,0.988539,-0.007762,0.150764,-1.998364,-0.133248,0.424556,0.895542,-2.255096,0.0,0.0,0.0,1.0
Hokuyo_14.csv, Hokuyo_25.csv,-0.67057,-0.370651,0.642615,0.681205,0.539447,-0.838266,0.079415,2.422131,0.509247,0.39991,0.762061,-1.793939,0.0,0.0,0.0,1.0
Hokuyo_14.csv, Hokuyo_25.csv,0.206324,-0.440445,-0.873748,0.955441,-0.453672,0.748122,-0.484246,-1.548114,0.866956,0.496308,-0.045463,-3.391616,0.0,0.0,0.0,1.0
Hokuyo_14.csv, Hokuyo_25.csv,-0.394218,-0.907806,-0.143106,3.653007,0.53573,-0.353524,0.76682,-0.517895,-0.746717,0.225628,0.625704,0.995483,0.0,0.0,0.0,1.0
Hokuyo_14.csv, Hokuyo_25.csv,0.024518,-0.959411,0.280943,2.629616,0.985171,0.070926,0.156231,-2.705902,-0.169817,0.272946,0.946921,-0.191486,0.0,0.0,0.0,1.0
Hokuyo_14.csv, Hokuyo_25.csv,-0.298112,-0.862326,-0.409294,2.113583,0.656003,-0.49657,0.568399,0.983928,-0.69339,-0.099053,0.713721,3.579803,0.0,0.0,0.0,1.0
Hokuyo_14.csv, Hokuyo_25.csv,0.115488,-0.265066,-0.957287,2.027707,0.989212,-0.056747,0.135053,-2.687943,-0.090121,-0.962558,0.255653,0.971828,0.0,0.0,0.0,1.0
Hokuyo_10.csv, Hokuyo_2.csv,-0.991079,-0.105827,0.081,2.460701,0.102286,-0.993659,-0.046691,-1.388865,0.085428,-0.037989,0.995621,-0.366607,0.0,0.0,0.0,1.0
Hokuyo_10.csv, Hokuyo_2.csv,-0.891336,0.285086,0.352486,2.5692,-0.343391,-0.932201,-0.114383,0.13324,0.295977,-0.222994,0.928801,-0.940942,0.0,0.0,0.0,1.0
Hokuyo_10.csv, Hokuyo_2.csv,-0.967597,0.219199,0.125329,2.788099,-0.245697,-0.931792,-0.267203,-0.172071,0.05821,-0.289338,0.955456,-0.462162,0.0,0.0,0.0,1.0
Hokuyo_10.csv, Hokuyo_2.csv,-0.919661,-0.12625,-0.371865,2.287465,0.097619,-0.990687,0.094922,-1.206908,-0.380385,0.050994,0.923422,1.021857,0.0,0.0,0.0,1.0
Hokuyo_10.csv, Hokuyo_2.csv,-0.953998,0.197708,-0.225383,2.623149,-0.203732,-0.979021,0.003554,-0.405314,-0.219952,0.049308,0.974265,0.669595,0.0,0.0,0.0,1.0
Hokuyo_10.csv, Hokuyo_2.csv,-0.987082,0.14562,-0.066801,2.633561,-0.148543,-0.988053,0.041079,-0.400152,-0.060021,0.050471,0.996921,0.133796,0.0,0.0,0.0,1.0
Hokuyo_10.csv, Hokuyo_2.csv,-0.978023,-0.207356,0.021767,2.627109,0.193634,-0.864638,0.463583,-2.399636,-0.077306,0.457609,0.885787,0.789802,0.0,0.0,0.0,1.0
Hokuyo_10.csv, Hokuyo_2.csv,-0.94732,0.217266,-0.23533,3.296281,-0.192571,-0.973474,-0.123557,-0.582978,-0.255932,-0.07173,0.96403,0.821863,0.0,0.0,0.0,1.0
Hokuyo_10.csv, Hokuyo_2.csv,-0.679595,-0.108042,-0.725588,1.585742,0.195923,-0.979899,-0.037594,-0.940077,-0.70694,-0.167708,0.687103,3.116446,0.0,0.0,0.0,1.0
Hokuyo_10.csv, Hokuyo_2.csv,-0.693533,-0.320729,0.645093,0.968477,0.23831,-0.94716,-0.214705,-1.418171,0.679867,0.004827,0.73332,-2.612396,0.0,0.0,0.0,1.0
Hokuyo_10.csv, Hokuyo_2.csv,-0.909143,0.310058,-0.278069,2.582827,-0.159344,-0.875812,-0.455593,-0.031865,-0.384795,-0.369891,0.845644,0.30411,0.0,0.0,0.0,1.0
Hokuyo_10.csv, Hokuyo_2.csv,-0.89408,-0.061259,-0.443698,2.971408,-0.00858,-0.988079,0.153707,-0.387979,-0.447824,0.141233,0.882898,0.807304,0.0,0.0,0.0,1.0
Hokuyo_10.csv, Hokuyo_2.csv,-0.89559,0.395298,0.204101,1.90612,-0.434565,-0.875546,-0.211123,-0.543811,0.095244,-0.277774,0.955913,-1.127679,0.0,0.0,0.0,1.0
Hokuyo_10.csv, Hokuyo_2.csv,0.129543,0.934821,-0.330648,0.066627,-0.964038,0.040699,-0.262629,2.232327,-0.232053,0.352779,0.906476,0.248578,0.0,0.0,0.0,1.0
Hokuyo_10.csv, Hokuyo_2.csv,-0.979286,0.17886,0.094904,1.58312,-0.045246,-0.65016,0.75845,-1.092458,0.197359,0.738445,0.644786,-2.360008,0.0,0.0,0.0,1.0
Hokuyo_10.csv, Hokuyo_2.csv,-0.795921,-0.152907,0.585772,0.522706,0.054554,-0.981757,-0.182148,-2.45774,0.602937,-0.11302,0.789743,-0.347865,0.0,0.0,0.0,1.0
Hokuyo_10.csv, Hokuyo_2.csv,-0.681072,0.682268,-0.265803,1.542926,-0.689896,-0.719559,-0.079244,2.158959,-0.245326,0.129405,0.960765,-0.161085,0.0,0.0,0.0,1.0
Hokuyo_10.csv, Hokuyo_2.csv,-0.917188,0.384449,-0.104709,2.926168,-0.387945,-0.80166,0.454798,1.3932,0.090906,0.457757,0.884418,0.612222,0.0,0.0,0.0,1.0
Hokuyo_10.csv, Hokuyo_2.csv,-0.794728,-0.466272,0.388584,1.995623,0.590306,-0.742717,0.316087,-2.085931,0.141225,0.480587,0.865501,0.123993,0.0,0.0,0.0,1.0
Hokuyo_12.csv, Hokuyo_40.csv,0.177972,0.970907,0.160207,1.748181,-0.943737,0.21452,-0.251679,0.613719,-0.278725,-0.106401,0.954458,-0.228895,0.0,0.0,0.0,1.0
Hokuyo_12.csv, Hokuyo_40.csv,0.529177,0.848493,-0.005465,1.393953,-0.834743,0.519424,-0.182763,1.185908,-0.152234,0.101276,0.983142,0.325443,0.0,0.0,0.0,1.0
Hokuyo_12.csv, Hokuyo_40.csv,0.646316,0.733173,-0.211505,1.35534,-0.75663,0.651687,-0.053061,1.202812,0.098933,0.194326,0.975935,0.458878,0.0,0.0,0.0,1.0
Hokuyo_12.csv, Hokuyo_40.csv,0.560848,0.827661,-0.020674,1.438131,-0.814463,0.556044,0.165726,1.156054,0.148662,-0.076108,0.985955,-0.131943,0.0,0.0,0.0,1.0
Hokuyo_12.csv, Hokuyo_40.csv,0.420889,0.884277,-0.202257,1.646487,-0.888978,0.446451,0.101979,0.977105,0.180476,0.136882,0.974008,0.388084,0.0,0.0,0.0,1.0
Hokuyo_12.csv, Hokuyo_40.csv,0.506284,0.828652,0.238776,1.391054,-0.847888,0.528846,-0.037515,1.002673,-0.157362,-0.183462,0.97035,-0.302124,0.0,0.0,0.0,1.0
Hokuyo_12.csv, Hokuyo_40.csv,0.502137,0.770668,0.39234,1.695656,-0.843412,0.336173,0.4191,1.203342,0.191093,-0.541349,0.818795,-0.677291,0.0,0.0,0.0,1.0
Hokuyo_12.csv, Hokuyo_40.csv,0.549745,0.821426,-0.151785,0.121368,-0.695645,0.550788,0.461205,0.889959,0.462448,-0.147956,0.874215,0.157641,0.0,0.0,0.0,1.0
Hokuyo_12.csv, Hokuyo_40.csv,0.065703,0.84298,-0.533917,2.555859,-0.982227,-0.039646,-0.183465,-0.22477,-0.175824,0.536482,0.825392,1.439534,0.0,0.0,0.0,1.0
Hokuyo_12.csv, Hokuyo_40.csv,0.556062,0.750197,0.357772,0.86706,-0.788965,0.61182,-0.056662,0.851753,-0.261399,-0.250761,0.932089,-0.138591,0.0,0.0,0.0,1.0
Hokuyo_12.csv, Hokuyo_40.csv,0.657979,0.536912,-0.528005,1.152657,-0.599104,0.798035,0.064918,1.423394,0.456223,0.273616,0.846756,0.629586,0.0,0.0,0.0,1.0
Hokuyo_12.csv, Hokuyo_40.csv,0.535406,0.748648,0.390983,1.744568,-0.715575,0.156175,0.680853,-0.485907,0.448657,-0.64431,0.619331,-1.425334,0.0,0.0,0.0,1.0
Hokuyo_12.csv, Hokuyo_40.csv,0.742977,0.538954,-0.39688,0.812494,-0.662631,0.675898,-0.322618,1.361022,0.094375,0.502683,0.859305,-0.252997,0.0,0.0,0.0,1.0
Hokuyo_12.csv, Hokuyo_40.csv,0.467657,0.524706,0.711323,1.556956,-0.140317,0.838611,-0.526348,1.040947,-0.872701,0.146339,0.465807,0.408729,0.0,0.0,0.0,1.0
Hokuyo_12.csv, Hokuyo_40.csv,0.170433,0.424541,0.889223,-0.29558,-0.984968,0.047651,0.166033,0.664645,0.028116,-0.904154,0.42628,-2.245144,0.0,0.0,0.0,1.0
Hokuyo_12.csv, Hokuyo_40.csv,0.141921,0.162911,-0.97638,0.006611,-0.769846,0.638206,-0.005415,-1.073408,0.62225,0.752432,0.215993,2.582477,0.0,0.0,0.0,1.0
Hokuyo_12.csv, Hokuyo_40.csv,-0.00046,0.954801,0.297244,2.126785,-0.848681,0.156841,-0.505115,1.478893,-0.528905,-0.252498,0.810249,-0.315688,0.0,0.0,0.0,1.0
Hokuyo_12.csv, Hokuyo_40.csv,0.15164,0.434732,-0.8877,1.161782,-0.546401,0.78526,0.291226,1.717532,0.823682,0.440879,0.356616,-0.242247,0.0,0.0,0.0,1.0
Hokuyo_12.csv, Hokuyo_40.csv,0.558372,0.825951,-0.077619,2.29397,-0.795019,0.506027,-0.334485,0.988037,-0.23699,0.248476,0.939199,-0.08341,0.0,0.0,0.0,1.0
Hokuyo_42.csv, Hokuyo_39.csv,0.903127,0.145899,0.403824,-1.658279,-0.084057,0.982378,-0.166936,-0.012775,-0.421065,0.116822,0.899477,0.743708,0.0,0.0,0.0,1.0
Hokuyo_42.csv, Hokuyo_39.csv,0.971159,-0.133716,0.197406,-1.789706,0.163406,0.976192,-0.142647,-0.567344,-0.173632,0.170792,0.969889,0.217308,0.0,0.0,0.0,1.0
Hokuyo_42.csv, Hokuyo_39.csv,0.964933,-0.262443,-0.005248,-1.608771,0.241514,0.8798,0.409419,-0.534766,-0.102834,-0.396328,0.912332,0.361709,0.0,0.0,0.0,1.0
Hokuyo_42.csv, Hokuyo_39.csv,0.947534,0.252956,-0.19543,-1.704832,-0.194215,0.941165,0.276569,-0.000685,0.25389,-0.224101,0.940913,-0.426669,0.0,0.0,0.0,1.0
Hokuyo_42.csv, Hokuyo_39.csv,0.95173,-0.113325,0.285246,-1.721678,0.064433,0.982402,0.175316,-0.239227,-0.300095,-0.148473,0.942284,0.787029,0.0,0.0,0.0,1.0
Hokuyo_42.csv, Hokuyo_39.csv,0.99544,0.065292,-0.069536,-1.67219,-0.0657,0.997833,-0.003594,-0.38474,0.06915,0.008147,0.997573,-0.206572,0.0,0.0,0.0,1.0
Hokuyo_42.csv, Hokuyo_39.csv,0.976047,-0.208008,-0.063755,-0.829444,0.177448,0.930693,-0.319878,-0.456224,0.125872,0.300904,0.945312,0.408805,0.0,0.0,0.0,1.0
Hokuyo_42.csv, Hokuyo_39.csv,0.988738,0.127153,-0.078931,-1.599128,-0.149498,0.86363,-0.481449,0.021821,0.006948,0.487829,0.872913,0.112794,0.0,0.0,0.0,1.0
Hokuyo_42.csv, Hokuyo_39.csv,0.988222,-0.149219,-0.033918,-1.27903,0.151451,0.985437,0.07731,-0.613411,0.021887,-0.081535,0.996431,0.066695,0.0,0.0,0.0,1.0
Hokuyo_42.csv, Hokuyo_39.csv,0.913691,0.327416,0.240763,-1.481317,-0.141418,0.811535,-0.566931,0.564064,-0.381012,0.483952,0.787796,0.20999,0.0,0.0,0.0,1.0
Hokuyo_42.csv, Hokuyo_39.csv,0.873945,0.054516,-0.482959,-1.012092,0.258992,0.788616,0.557682,-0.138201,0.41127,-0.612465,0.675086,-1.039573,0.0,0.0,0.0,1.0
Hokuyo_42.csv, Hokuyo_39.csv,0.80119,0.469837,0.370604,-1.788267,-0.354052,0.871467,-0.339399,-0.272181,-0.482432,0.140711,0.864559,0.867076,0.0,0.0,0.0,1.0
Hokuyo_42.csv, Hokuyo_39.csv,0.548147,0.565933,0.615837,-1.506779,-0.824562,0.489009,0.28455,0.33315,-0.140114,-0.663771,0.734695,-0.464516,0.0,0.0,0.0,1.0
Hokuyo_42.csv, Hokuyo_39.csv,0.231773,-0.875976,-0.423023,-0.521633,0.628279,-0.197198,0.752579,0.129013,-0.742661,-0.440203,0.504653,0.782079,0.0,0.0,0.0,1.0
Hokuyo_42.csv, Hokuyo_39.csv,0.891406,0.184038,0.414154,-2.725633,0.131518,0.769466,-0.625,-0.901719,-0.433702,0.611598,0.661704,3.008484,0.0,0.0,0.0,1.0
Hokuyo_42.csv, Hokuyo_39.csv,0.886912,0.387791,0.251009,-2.003866,-0.45834,0.671053,0.582764,2.026076,0.05755,-0.631907,0.772904,0.515938,0.0,0.0,0.0,1.0
Hokuyo_42.csv, Hokuyo_39.csv,-0.00912,0.817227,-0.576243,-0.923967,-0.686098,0.41411,0.598151,0.541216,0.727452,0.400815,0.55692,-0.336616,0.0,0.0,0.0,1.0
Hokuyo_42.csv, Hokuyo_39.csv,0.131965,0.956587,-0.259858,-1.275194,-0.718416,0.272921,0.63984,3.023354,0.682981,0.10225,0.723243,-1.607964,0.0,0.0,0.0,1.0
Hokuyo_42.csv, Hokuyo_39.csv,0.212934,-0.055387,-0.975497,-2.367687,0.406834,0.912753,0.036981,-0.216971,0.888338,-0.40474,0.216887,-2.36451,0.0,0.0,0.0,1.0
Hokuyo_26.csv, Hokuyo_40.csv,-0.57537,-0.77057,-0.274167,1.224825,0.817048,-0.526296,-0.235466,0.975597,0.03715,-0.359488,0.93241,0.568488,0.0,0.0,0.0,1.0
Hokuyo_26.csv, Hokuyo_40.csv,-0.395267,-0.892145,-0.21872,1.519115,0.908077,-0.415395,0.053307,0.592533,-0.138413,-0.177543,0.97433,0.306036,0.0,0.0,0.0,1.0
Hokuyo_26.csv, Hokuyo_40.csv,-0.116586,-0.971212,0.207733,1.481291,0.989135,-0.132403,-0.063886,0.20899,0.089551,0.198028,0.976097,-0.317521,0.0,0.0,0.0,1.0
Hokuyo_26.csv, Hokuyo_40.csv,-0.511901,-0.823158,-0.245694,1.442882,0.856233,-0.512029,-0.068485,0.731955,-0.069429,-0.245428,0.966924,0.207752,0.0,0.0,0.0,1.0
Hokuyo_26.csv, Hokuyo_40.csv,-0.466013,-0.881724,0.073428,1.478177,0.871309,-0.471762,-0.135132,0.659962,0.15379,0.001006,0.988102,0.183794,0.0,0.0,0.0,1.0
Hokuyo_26.csv, Hokuyo_40.csv,-0.504487,-0.842854,-0.187318,1.212316,0.863266,-0.496473,-0.091031,0.593148,-0.016272,-0.207629,0.978072,0.309254,0.0,0.0,0.0,1.0
Hokuyo_26.csv, Hokuyo_40.csv,-0.683594,-0.728576,-0.043281,1.262005,0.728565,-0.684713,0.019012,1.114139,-0.043487,-0.018536,0.998881,0.177244,0.0,0.0,0.0,1.0
Hokuyo_26.csv, Hokuyo_40.csv,-0.387505,-0.91653,0.099043,0.445266,0.921035,-0.38035,0.083842,0.045893,-0.039173,0.123711,0.991544,-1.118594,0.0,0.0,0.0,1.0
Hokuyo_26.csv, Hokuyo_40.csv,-0.915908,-0.270693,-0.29637,-0.849838,0.055148,-0.816231,0.575086,1.366572,-0.39758,0.510382,0.762522,-0.465695,0.0,0.0,0.0,1.0
Hokuyo_26.csv, Hokuyo_40.csv,-0.749217,-0.588769,-0.303351,1.062322,0.659823,-0.703255,-0.264697,-0.289287,-0.057487,-0.398473,0.915375,0.207135,0.0,0.0,0.0,1.0
Hokuyo_26.csv, Hokuyo_40.csv,-0.22256,-0.945786,-0.236541,1.699988,0.974345,-0.20746,-0.087252,-0.165852,0.033451,-0.249891,0.967696,0.619062,0.0,0.0,0.0,1.0
Hokuyo_26.csv, Hokuyo_40.csv,-0.527886,-0.768801,-0.360942,0.916936,0.749617,-0.621535,0.227528,1.883469,-0.399262,-0.150458,0.904407,-0.33809,0.0,0.0,0.0,1.0
Hokuyo_26.csv, Hokuyo_40.csv,-0.85404,-0.49257,0.167298,0.864359,0.519444,-0.79007,0.325526,1.764655,-0.028168,0.364915,0.930614,0.026634,0.0,0.0,0.0,1.0
Hokuyo_26.csv, Hokuyo_40.csv,-0.989092,-0.124341,0.07896,1.236865,0.106522,-0.974072,-0.199589,2.665675,0.10173,-0.189001,0.976693,-0.127079,0.0,0.0,0.0,1.0
Hokuyo_26.csv, Hokuyo_40.csv,-0.063043,-0.116181,-0.991225,-0.399192,-0.455711,-0.88026,0.132158,2.32018,-0.887892,0.460046,0.002549,-0.729916,0.0,0.0,0.0,1.0
Hokuyo_26.csv, Hokuyo_40.csv,-0.364283,0.037125,0.930547,-0.073654,-0.00834,-0.999294,0.036601,0.800539,0.93125,0.005572,0.364336,0.740356,0.0,0.0,0.0,1.0
Hokuyo_26.csv, Hokuyo_40.csv,-0.185702,-0.549852,0.814356,2.253692,0.930513,0.167856,0.325527,-0.335025,-0.315687,0.818221,0.480475,-2.655663,0.0,0.0,0.0,1.0
Hokuyo_26.csv, Hokuyo_40.csv,-0.637923,-0.433861,0.636252,0.107231,-0.431541,-0.482894,-0.761961,0.764075,0.63783,-0.760642,0.12082,-0.05252,0.0,0.0,0.0,1.0
Hokuyo_26.csv, Hokuyo_40.csv,-0.526698,-0.641,0.558306,0.705324,0.8265,-0.232632,0.512621,0.370272,-0.198711,0.731438,0.652314,-0.305166,0.0,0.0,0.0,1.0
Hokuyo_38.csv, Hokuyo_40.csv,0.940779,-0.273311,0.200587,0.958499,0.157042,0.875687,0.45663,-0.085038,-0.300454,-0.398087,0.866749,-0.328563,0.0,0.0,0.0,1.0
Hokuyo_38.csv, Hokuyo_40.csv,0.666809,-0.722379,-0.183121,0.980776,0.741019,0.668795,0.060042,0.798106,0.079097,-0.175733,0.981254,0.124012,0.0,0.0,0.0,1.0
Hokuyo_38.csv, Hokuyo_40.csv,0.869936,-0.474789,-0.133356,1.223157,0.493098,0.833022,0.250858,0.255329,-0.008017,-0.283989,0.958793,-0.064327,0.0,0.0,0.0,1.0
Hokuyo_38.csv, Hokuyo_40.csv,0.814077,-0.473009,-0.336956,1.136332,0.395451,0.876397,-0.274862,0.44006,0.425319,0.09051,0.900505,0.400527,0.0,0.0,0.0,1.0
Hokuyo_38.csv, Hokuyo_40.csv,0.916783,-0.395483,-0.055666,1.228145,0.395643,0.880307,0.261779,0.294287,-0.054526,-0.262019,0.963521,-0.086636,0.0,0.0,0.0,1.0
Hokuyo_38.csv, Hokuyo_40.csv,0.910398,-0.362501,-0.199417,1.144915,0.328464,0.926345,-0.184383,0.278327,0.251568,0.102361,0.962411,0.192282,0.0,0.0,0.0,1.0
Hokuyo_38.csv, Hokuyo_40.csv,0.856767,-0.504963,0.104692,1.071449,0.459646,0.839783,0.288948,0.437616,-0.233827,-0.19944,0.951602,-0.232591,0.0,0.0,0.0,1.0
Hokuyo_38.csv, Hokuyo_40.csv,0.847063,-0.371762,-0.379836,1.058973,0.003734,0.718805,-0.695201,0.19127,0.531478,0.587462,0.610261,0.626649,0.0,0.0,0.0,1.0
Hokuyo_38.csv, Hokuyo_40.csv,0.750103,-0.471838,0.463369,0.969194,0.660703,0.564938,-0.494284,0.963829,-0.028553,0.676915,0.735508,-0.030078,0.0,0.0,0.0,1.0
Hokuyo_38.csv, Hokuyo_40.csv,0.424545,-0.874949,0.23286,-0.158065,0.884599,0.346018,-0.312658,-0.047713,0.192987,0.338726,0.92088,-0.640642,0.0,0.0,0.0,1.0
Hokuyo_38.csv, Hokuyo_40.csv,0.529724,-0.423125,0.735089,1.03188,0.708824,0.696801,-0.109712,0.035493,-0.465789,0.579167,0.669034,-1.172198,0.0,0.0,0.0,1.0
Hokuyo_38.csv, Hokuyo_40.csv,0.962292,-0.249984,0.10724,1.086375,0.17853,0.877866,0.444385,0.092473,-0.205232,-0.408483,0.889394,1.056011,0.0,0.0,0.0,1.0
Hokuyo_38.csv, Hokuyo_40.csv,0.797447,-0.593867,-0.106762,0.854622,0.590427,0.804484,-0.064832,0.305797,0.12439,-0.011335,0.992168,0.316656,0.0,0.0,0.0,1.0
Hokuyo_38.csv, Hokuyo_40.csv,0.891139,-0.147076,0.429228,0.914408,0.095795,0.985668,0.13886,-0.594428,-0.4435,-0.082626,0.892458,-2.057306,0.0,0.0,0.0,1.0
Hokuyo_38.csv, Hokuyo_40.csv,0.302184,-0.692906,0.654648,-0.591506,0.882867,0.462423,0.081917,2.452861,-0.359485,0.553213,0.751481,-0.704395,0.0,0.0,0.0,1.0
Hokuyo_38.csv, Hokuyo_40.csv,0.46573,0.154244,-0.87138,0.84809,-0.781425,-0.390435,-0.486761,-1.54213,-0.415297,0.907617,-0.061307,-1.719406,0.0,0.0,0.0,1.0
Hokuyo_38.csv, Hokuyo_40.csv,0.869714,-0.476526,-0.128521,2.288766,0.393171,0.511516,0.764047,-0.054841,-0.298349,-0.715035,0.632229,0.139754,0.0,0.0,0.0,1.0
Hokuyo_38.csv, Hokuyo_40.csv,0.954933,-0.05868,0.29096,1.822828,0.017077,0.989501,0.143517,-1.237306,-0.296327,-0.132082,0.945909,-0.178709,0.0,0.0,0.0,1.0
Hokuyo_38.csv, Hokuyo_40.csv,0.835695,-0.380178,-0.396328,0.92242,0.548428,0.615764,0.56574,1.489281,0.028962,-0.690145,0.723091,2.515099,0.0,0.0,0.0,1.0
Hokuyo_38.csv, Hokuyo_40.csv,0.28366,0.078558,-0.955701,1.944313,0.144789,0.981704,0.12367,-1.326471,0.94793,-0.173454,0.267095,-0.001457,0.0,0.0,0.0,1.0
Hokuyo_28.csv, Hokuyo_24.csv,0.080831,0.992376,0.093039,-1.484085,-0.993888,0.087289,-0.067579,1.058727,-0.075186,-0.087007,0.993367,0.150335,0.0,0.0,0.0,1.0
Hokuyo_28.csv, Hokuyo_24.csv,0.439946,0.817956,0.370672,-1.72951,-0.848188,0.514074,-0.127694,0.576661,-0.295,-0.258219,0.919945,0.832116,0.0,0.0,0.0,1.0
Hokuyo_28.csv, Hokuyo_24.csv,0.394579,0.907607,0.143379,-1.715563,-0.862824,0.419636,-0.281854,0.668874,-0.31598,-0.012497,0.948684,0.448409,0.0,0.0,0.0,1.0
Hokuyo_28.csv, Hokuyo_24.csv,0.057257,0.930763,-0.361112,-1.352147,-0.993194,0.089852,0.074116,1.226469,0.10143,0.354411,0.929573,-0.606387,0.0,0.0,0.0,1.0
Hokuyo_28.csv, Hokuyo_24.csv,0.3786,0.901922,-0.207844,-1.807984,-0.923025,0.384532,-0.0127,0.730026,0.068468,0.196654,0.978081,-0.276625,0.0,0.0,0.0,1.0
Hokuyo_28.csv, Hokuyo_24.csv,0.330208,0.94259,-0.049856,-1.817875,-0.943102,0.331649,0.023851,0.988619,0.039016,0.039143,0.998472,-0.140589,0.0,0.0,0.0,1.0
Hokuyo_28.csv, Hokuyo_24.csv,-0.02002,0.999298,0.03165,-1.061039,-0.895572,-0.031996,0.443766,0.210796,0.444467,-0.01946,0.895584,-0.394459,0.0,0.0,0.0,1.0
Hokuyo_28.csv, Hokuyo_24.csv,0.396765,0.89178,-0.217501,-1.147364,-0.916895,0.373837,-0.139823,0.577724,-0.043382,0.254902,0.965994,-0.030229,0.0,0.0,0.0,1.0
Hokuyo_28.csv, Hokuyo_24.csv,0.037703,0.69523,-0.717798,-1.110247,-0.998199,-0.007351,-0.059552,1.873918,-0.046679,0.71875,0.693701,0.541111,0.0,0.0,0.0,1.0
Hokuyo_28.csv, Hokuyo_24.csv,-0.198531,0.734854,0.648518,-1.242608,-0.97015,-0.053319,-0.236575,1.493102,-0.13927,-0.676126,0.723504,0.295326,0.0,0.0,0.0,1.0
Hokuyo_28.csv, Hokuyo_24.csv,0.481628,0.837243,-0.258955,-1.892537,-0.819982,0.326229,-0.470325,1.043007,-0.309299,0.43886,0.843646,-0.492779,0.0,0.0,0.0,1.0
Hokuyo_28.csv, Hokuyo_24.csv,0.11783,0.894135,-0.432017,-0.698673,-0.971935,0.193044,0.13445,1.598376,0.203614,0.40405,0.891789,-1.291306,0.0,0.0,0.0,1.0
Hokuyo_28.csv, Hokuyo_24.csv,0.552212,0.802895,0.224548,-2.646674,-0.773281,0.593931,-0.221996,-0.60677,-0.311606,-0.051049,0.94884,-0.0849,0.0,0.0,0.0,1.0
Hokuyo_28.csv, Hokuyo_24.csv,0.900753,-0.299971,-0.314106,-1.317152,0.22714,0.941754,-0.248008,-1.924632,0.370205,0.152048,0.916422,-1.371333,0.0,0.0,0.0,1.0
Hokuyo_28.csv, Hokuyo_24.csv,0.357837,0.927002,0.112341,-2.890084,-0.646482,0.159129,0.74615,0.101243,0.673806,-0.339626,0.656233,-2.980325,0.0,0.0,0.0,1.0
Hokuyo_28.csv, Hokuyo_24.csv,-0.013181,0.804388,0.593958,-2.465018,-0.970252,0.133319,-0.202084,-0.245986,-0.24174,-0.578952,0.778702,2.480728,0.0,0.0,0.0,1.0
Hokuyo_28.csv, Hokuyo_24.csv,0.803906,0.543001,-0.242662,-2.729775,-0.574957,0.813917,-0.083463,0.715909,0.152186,0.206617,0.966514,-1.378013,0.0,0.0,0.0,1.0
Hokuyo_28.csv, Hokuyo_24.csv,0.552388,0.829336,-0.084076,-1.720328,-0.724093,0.527353,0.44451,1.429788,0.412986,-0.184663,0.89182,0.134732,0.0,0.0,0.0,1.0
Hokuyo_28.csv, Hokuyo_24.csv,-0.316775,0.864305,0.39068,-0.365571,-0.84728,-0.442994,0.293043,1.932215,0.426347,-0.238185,0.872638,-0.189919,0.0,0.0,0.0,1.0
Hokuyo_37.csv, Hokuyo_39.csv,0.937376,-0.304653,0.168853,1.067855,0.339352,0.908041,-0.245564,0.289022,-0.078515,0.287487,0.954561,-0.200358,0.0,0.0,0.0,1.0
Hokuyo_37.csv, Hokuyo_39.csv,0.771518,-0.636206,0.000508,0.865691,0.626551,0.759672,-0.17416,0.656981,0.110415,0.134685,0.984718,0.224145,0.0,0.0,0.0,1.0
Hokuyo_37.csv, Hokuyo_39.csv,0.643892,-0.736544,-0.207138,0.932421,0.746062,0.664451,-0.043516,0.590759,0.169683,-0.12652,0.977344,0.33391,0.0,0.0,0.0,1.0
Hokuyo_37.csv, Hokuyo_39.csv,0.746856,-0.664815,-0.015037,0.930763,0.656637,0.733721,0.174579,0.603862,-0.10503,-0.14026,0.984529,-0.049801,0.0,0.0,0.0,1.0
Hokuyo_37.csv, Hokuyo_39.csv,0.823236,-0.532988,-0.195465,1.072786,0.558454,0.822197,0.11009,0.492052,0.102034,-0.199789,0.974512,0.319701,0.0,0.0,0.0,1.0
Hokuyo_37.csv, Hokuyo_39.csv,0.752376,-0.611621,0.24464,0.873271,0.636142,0.771034,-0.028772,0.464501,-0.171029,0.177273,0.969187,-0.195554,0.0,0.0,0.0,1.0
Hokuyo_37.csv, Hokuyo_39.csv,0.693883,-0.600333,0.397651,1.219647,0.43992,0.790603,0.42593,0.80722,-0.570084,-0.120611,0.812686,-0.246491,0.0,0.0,0.0,1.0
Hokuyo_37.csv, Hokuyo_39.csv,0.74347,-0.652602,-0.146154,-0.383394,0.632791,0.615758,0.469484,0.362688,-0.216391,-0.441533,0.870761,0.348131,0.0,0.0,0.0,1.0
Hokuyo_37.csv, Hokuyo_39.csv,0.832398,-0.174481,-0.525994,1.949441,0.091778,0.979439,-0.179655,-0.369937,0.546523,0.101268,0.831297,1.014954,0.0,0.0,0.0,1.0
Hokuyo_37.csv, Hokuyo_39.csv,0.666848,-0.650994,0.362657,0.415629,0.710834,0.701762,-0.047365,0.263196,-0.223665,0.289374,0.930719,-0.001131,0.0,0.0,0.0,1.0
Hokuyo_37.csv, Hokuyo_39.csv,0.451033,-0.721348,-0.525573,0.875722,0.869208,0.488691,0.075205,0.731975,0.202594,-0.490753,0.847418,0.509867,0.0,0.0,0.0,1.0
Hokuyo_37.csv, Hokuyo_39.csv,0.667693,-0.630411,0.395939,1.290607,0.242016,0.686792,0.685379,-0.727382,-0.703998,-0.361798,0.611137,-0.873343,0.0,0.0,0.0,1.0
Hokuyo_37.csv, Hokuyo_39.csv,0.440542,-0.806261,-0.394798,0.549135,0.760439,0.568879,-0.313223,0.747902,0.47713,-0.162232,0.863729,-0.604864,0.0,0.0,0.0,1.0
Hokuyo_37.csv, Hokuyo_39.csv,0.451362,-0.534729,0.714379,1.255165,0.855092,0.0303,-0.517589,0.401184,0.255123,0.84448,0.470918,0.1466,0.0,0.0,0.0,1.0
Hokuyo_37.csv, Hokuyo_39.csv,0.389362,-0.227435,0.892564,-0.57666,0.175116,0.969639,0.170682,0.454971,-0.904284,0.089845,0.41737,-1.577224,0.0,0.0,0.0,1.0
Hokuyo_37.csv, Hokuyo_39.csv,0.152751,-0.159245,-0.975351,-0.087629,0.733953,0.679186,0.004054,-1.677922,0.661799,-0.716482,0.220625,2.141153,0.0,0.0,0.0,1.0
Hokuyo_37.csv, Hokuyo_39.csv,0.94349,-0.126057,0.306487,1.426611,0.272251,0.822149,-0.49995,1.213359,-0.188957,0.55514,0.810009,-0.224404,0.0,0.0,0.0,1.0
Hokuyo_37.csv, Hokuyo_39.csv,0.420015,-0.204908,-0.884082,0.869957,0.84731,0.43746,0.301152,1.044822,0.325041,-0.87558,0.357361,-0.419404,0.0,0.0,0.0,1.0
Hokuyo_37.csv, Hokuyo_39.csv,0.746066,-0.661969,-0.071985,1.787419,0.609589,0.722503,-0.326173,0.475985,0.267924,0.199464,0.942566,-0.307672,0.0,0.0,0.0,1.0
Hokuyo_8.csv, Hokuyo_4.csv,0.644556,-0.643836,0.412338,-1.508933,0.743935,0.652559,-0.143975,-1.130931,-0.176381,0.399552,0.899584,0.456724,0.0,0.0,0.0,1.0
Hokuyo_8.csv, Hokuyo_4.csv,0.464729,-0.862637,0.199712,-1.303839,0.885367,0.449556,-0.118426,-1.592363,0.012376,0.231855,0.972673,-0.043851,0.0,0.0,0.0,1.0
Hokuyo_8.csv, Hokuyo_4.csv,0.362073,-0.932131,-0.005982,-0.979908,0.841777,0.324205,0.431626,-1.43162,-0.400394,-0.161313,0.902034,0.755561,0.0,0.0,0.0,1.0
Hokuyo_8.csv, Hokuyo_4.csv,0.770544,-0.610272,-0.183934,-1.652121,0.635368,0.71248,0.297787,-1.11656,-0.050683,-0.346322,0.936746,-0.099591,0.0,0.0,0.0,1.0
